s8/Image/img00000.bmp 928 393 1415 868 0
s8/Image/img00001.bmp 878 365 1365 840 0
s8/Image/img00002.bmp 887 351 1374 826 0
s8/Image/img00003.bmp 876 351 1363 826 0
s8/Image/img00004.bmp 874 351 1361 826 0
s8/Image/img00005.bmp 868 345 1349 814 0
s8/Image/img00006.bmp 869 357 1348 822 0
s8/Image/img00007.bmp 880 344 1366 812 0
s8/Image/img00008.bmp 898 379 1369 850 0
s8/Image/img00009.bmp 887 470 1351 921 0
s8/Image/img00010.bmp 884 489 1348 940 0
s8/Image/img00011.bmp 905 474 1369 925 0
s8/Image/img00012.bmp 924 418 1388 872 0
s8/Image/img00013.bmp 914 407 1385 879 0
s8/Image/img00014.bmp 894 377 1377 841 0
s8/Image/img00015.bmp 914 358 1386 826 0
s8/Image/img00016.bmp 910 359 1394 814 0
s8/Image/img00017.bmp 905 339 1392 798 0
s8/Image/img00018.bmp 916 351 1400 811 0
s8/Image/img00019.bmp 909 343 1399 813 0
s8/Image/img00020.bmp 897 341 1385 806 0
s8/Image/img00021.bmp 897 354 1376 821 0
s8/Image/img00022.bmp 907 356 1398 822 0
s8/Image/img00023.bmp 922 356 1408 819 0
s8/Image/img00024.bmp 939 188 1429 649 0
s8/Image/img00025.bmp 917 337 1404 792 0
s8/Image/img00026.bmp 913 349 1401 815 0
s8/Image/img00027.bmp 909 345 1398 805 0
s8/Image/img00028.bmp 907 276 1397 729 0
s8/Image/img00029.bmp 925 351 1417 814 0
s8/Image/img00030.bmp 923 343 1402 806 0
s8/Image/img00031.bmp 925 351 1404 814 0
s8/Image/img00032.bmp 917 335 1403 798 0
s8/Image/img00033.bmp 901 344 1390 811 0
s8/Image/img00034.bmp 896 350 1382 816 0
s8/Image/img00035.bmp 919 359 1410 826 0
s8/Image/img00036.bmp 915 352 1394 815 0
s8/Image/img00037.bmp 912 358 1401 828 0
s8/Image/img00038.bmp 923 364 1416 831 0
s8/Image/img00039.bmp 937 346 1420 812 0
s8/Image/img00040.bmp 956 349 1443 812 0
s8/Image/img00041.bmp 970 351 1461 818 0
s8/Image/img00042.bmp 991 327 1470 790 0
s8/Image/img00043.bmp 960 327 1439 790 0
s8/Image/img00044.bmp 963 313 1442 776 0
s8/Image/img00045.bmp 979 287 1458 750 0
s8/Image/img00046.bmp 958 293 1437 756 0
s8/Image/img00047.bmp 962 289 1428 751 0
s8/Image/img00048.bmp 944 331 1423 794 0
s8/Image/img00049.bmp 942 309 1421 772 0
s8/Image/img00050.bmp 950 309 1422 772 0
s8/Image/img00051.bmp 947 272 1402 725 0
s8/Image/img00052.bmp 961 262 1406 704 0
s8/Image/img00053.bmp 957 260 1419 716 0
s8/Image/img00054.bmp 931 271 1400 734 0
s8/Image/img00055.bmp 919 281 1397 744 0
s8/Image/img00056.bmp 932 309 1411 772 0
s8/Image/img00057.bmp 932 302 1407 765 0
s8/Image/img00058.bmp 931 314 1410 777 0
s8/Image/img00059.bmp 926 322 1405 785 0
s8/Image/img00060.bmp 929 314 1408 777 0
s8/Image/img00061.bmp 929 294 1408 757 0
s8/Image/img00062.bmp 942 303 1421 766 0
s8/Image/img00063.bmp 931 308 1410 774 0
s8/Image/img00064.bmp 910 284 1389 747 0
s8/Image/img00065.bmp 910 380 1386 840 0
s8/Image/img00066.bmp 928 332 1407 795 0
s8/Image/img00067.bmp 921 314 1401 780 0
s8/Image/img00068.bmp 952 315 1431 778 0
s8/Image/img00069.bmp 955 341 1434 804 0
s8/Image/img00070.bmp 942 324 1421 787 0
s8/Image/img00071.bmp 932 306 1411 769 0
s8/Image/img00072.bmp 953 321 1433 784 0
s8/Image/img00073.bmp 973 330 1452 793 0
s8/Image/img00074.bmp 955 321 1434 784 0
s8/Image/img00075.bmp 929 346 1408 809 0
s8/Image/img00076.bmp 927 358 1406 821 0
s8/Image/img00077.bmp 956 318 1426 791 0
s8/Image/img00078.bmp 944 308 1423 771 0
s8/Image/img00079.bmp 940 313 1419 776 0
s8/Image/img00080.bmp 940 311 1416 778 0
s8/Image/img00081.bmp 941 306 1419 774 0
s8/Image/img00082.bmp 951 309 1427 772 0
s8/Image/img00083.bmp 953 317 1424 780 0
s8/Image/img00084.bmp 954 322 1428 785 0
s8/Image/img00085.bmp 949 304 1427 767 0
s8/Image/img00086.bmp 944 302 1423 765 0
s8/Image/img00087.bmp 954 302 1433 765 0
s8/Image/img00088.bmp 938 292 1413 749 0
s8/Image/img00089.bmp 927 273 1406 736 0
s8/Image/img00090.bmp 976 290 1442 746 0
s8/Image/img00091.bmp 1010 295 1478 750 0
s8/Image/img00092.bmp 946 284 1409 741 0
s8/Image/img00093.bmp 976 289 1455 752 0
s8/Image/img00094.bmp 969 290 1441 746 0
s8/Image/img00095.bmp 1013 298 1490 757 0
s8/Image/img00096.bmp 1003 306 1479 767 0
s8/Image/img00097.bmp 1011 313 1479 769 0
s8/Image/img00098.bmp 1033 311 1505 770 0
s8/Image/img00099.bmp 1024 305 1492 764 0
s8/Image/img00100.bmp 996 300 1470 744 0
s8/Image/img00101.bmp 995 299 1464 749 0
s8/Image/img00102.bmp 1010 299 1487 750 0
s8/Image/img00103.bmp 867 307 1345 763 0
s8/Image/img00104.bmp 873 306 1343 758 0
s8/Image/img00105.bmp 869 301 1340 756 0
s8/Image/img00106.bmp 844 304 1315 759 0
s8/Image/img00107.bmp 882 290 1359 745 0
s8/Image/img00108.bmp 895 283 1372 738 0
s8/Image/img00109.bmp 893 284 1367 742 0
s8/Image/img00110.bmp 899 276 1374 739 0
s8/Image/img00111.bmp 918 277 1397 740 0
s8/Image/img00112.bmp 921 268 1397 731 0
s8/Image/img00113.bmp 929 266 1399 729 0
s8/Image/img00114.bmp 936 271 1408 728 0
s8/Image/img00115.bmp 952 266 1424 720 0
s8/Image/img00116.bmp 954 280 1418 739 0
s8/Image/img00117.bmp 943 268 1419 731 0
s8/Image/img00118.bmp 947 250 1420 709 0
s8/Image/img00119.bmp 958 264 1426 717 0
s8/Image/img00120.bmp 967 264 1434 718 0
s8/Image/img00121.bmp 975 256 1446 707 0
s8/Image/img00122.bmp 970 255 1440 710 0
s8/Image/img00123.bmp 965 274 1439 726 0
s8/Image/img00124.bmp 936 264 1411 717 0
s8/Image/img00125.bmp 947 271 1421 729 0
s8/Image/img00126.bmp 910 281 1378 737 0
s8/Image/img00127.bmp 892 299 1357 754 0
s8/Image/img00128.bmp 913 281 1378 732 0
s8/Image/img00129.bmp 990 255 1465 712 0
s8/Image/img00130.bmp 982 266 1447 729 0
s8/Image/img00131.bmp 1012 258 1484 721 0
s8/Image/img00132.bmp 1011 252 1489 715 0
s8/Image/img00133.bmp 1021 233 1498 696 0
s8/Image/img00134.bmp 1029 260 1508 723 0
s8/Image/img00135.bmp 1027 265 1501 728 0
s8/Image/img00136.bmp 1028 267 1507 730 0
s8/Image/img00137.bmp 1043 256 1523 722 0
s8/Image/img00138.bmp 1036 262 1515 725 0
s8/Image/img00139.bmp 1034 262 1513 725 0
s8/Image/img00140.bmp 1052 249 1531 712 0
s8/Image/img00141.bmp 900 230 1379 693 0
s8/Image/img00142.bmp 921 229 1400 694 0
s8/Image/img00143.bmp 933 245 1412 708 0
s8/Image/img00144.bmp 915 233 1394 696 0
s8/Image/img00145.bmp 827 242 1306 705 0
s8/Image/img00146.bmp 811 257 1285 698 0
s8/Image/img00147.bmp 911 237 1390 700 0
s8/Image/img00148.bmp 869 231 1348 694 0
s8/Image/img00149.bmp 788 252 1260 700 0
s8/Image/img00150.bmp 752 277 1215 711 0
s8/Image/img00151.bmp 764 309 1229 728 0
s8/Image/img00152.bmp 795 273 1241 694 0
s8/Image/img00153.bmp 870 265 1340 718 0
s8/Image/img00154.bmp 876 262 1351 709 0
s8/Image/img00155.bmp 863 263 1342 722 0
s8/Image/img00156.bmp 882 258 1361 703 0
s8/Image/img00157.bmp 881 251 1360 714 0
s8/Image/img00158.bmp 889 255 1368 718 0
s8/Image/img00159.bmp 909 234 1388 697 0
s8/Image/img00160.bmp 914 225 1393 688 0
s8/Image/img00161.bmp 897 221 1377 682 0
s8/Image/img00162.bmp 893 217 1372 680 0
s8/Image/img00163.bmp 893 211 1370 671 0
s8/Image/img00164.bmp 905 237 1383 695 0
s8/Image/img00165.bmp 875 261 1354 724 0
s8/Image/img00166.bmp 874 259 1353 720 0
s8/Image/img00167.bmp 972 254 1447 715 0
s8/Image/img00168.bmp 943 253 1407 691 0
s8/Image/img00169.bmp 923 226 1390 672 0
s8/Image/img00170.bmp 916 207 1380 661 0
s8/Image/img00171.bmp 894 203 1365 662 0
s8/Image/img00172.bmp 892 207 1371 661 0
s8/Image/img00173.bmp 904 212 1380 663 0
s8/Image/img00174.bmp 914 218 1385 677 0
s8/Image/img00175.bmp 903 238 1380 697 0
s8/Image/img00176.bmp 910 232 1377 679 0
s8/Image/img00177.bmp 927 223 1389 669 0
s8/Image/img00178.bmp 914 217 1370 654 0
s8/Image/img00179.bmp 949 224 1413 663 0
s8/Image/img00180.bmp 964 220 1427 672 0
s8/Image/img00181.bmp 876 221 1352 677 0
s8/Image/img00182.bmp 778 252 1257 711 0
s8/Image/img00183.bmp 755 264 1234 713 0
s8/Image/img00184.bmp 748 246 1222 692 0
s8/Image/img00185.bmp 788 211 1263 671 0
s8/Image/img00186.bmp 786 256 1260 708 0
s8/Image/img00187.bmp 826 236 1294 683 0
s8/Image/img00188.bmp 819 219 1285 670 0
s8/Image/img00189.bmp 812 230 1282 678 0
s8/Image/img00190.bmp 814 226 1291 672 0
s8/Image/img00191.bmp 834 234 1308 693 0
s8/Image/img00192.bmp 840 266 1319 719 0
s8/Image/img00193.bmp 850 254 1327 700 0
s8/Image/img00194.bmp 836 249 1312 693 0
s8/Image/img00195.bmp 797 253 1285 701 0
s8/Image/img00196.bmp 775 306 1236 745 0
s8/Image/img00197.bmp 737 321 1213 778 0
s8/Image/img00198.bmp 727 347 1200 800 0
s8/Image/img00199.bmp 716 362 1184 803 0
s8/Image/img00200.bmp 830 251 1309 714 0
s8/Image/img00201.bmp 795 271 1266 716 0
s8/Image/img00202.bmp 745 310 1220 769 0
s8/Image/img00203.bmp 686 354 1160 804 0
s8/Image/img00204.bmp 700 351 1175 797 0
s8/Image/img00205.bmp 756 286 1228 729 0
s8/Image/img00206.bmp 771 271 1239 714 0
s8/Image/img00207.bmp 780 261 1254 706 0
s8/Image/img00208.bmp 777 259 1250 703 0
s8/Image/img00209.bmp 755 229 1232 682 0
s8/Image/img00210.bmp 801 235 1274 691 0
s8/Image/img00211.bmp 803 233 1278 686 0
s8/Image/img00212.bmp 800 228 1275 675 0
s8/Image/img00213.bmp 810 223 1289 672 0
s8/Image/img00214.bmp 785 241 1264 699 0
s8/Image/img00215.bmp 813 241 1294 697 0
s8/Image/img00216.bmp 810 240 1291 693 0
s8/Image/img00217.bmp 904 140 1383 589 0
s8/Image/img00218.bmp 834 205 1309 646 0
s8/Image/img00219.bmp 826 209 1305 659 0
s8/Image/img00220.bmp 826 204 1305 649 0
s8/Image/img00221.bmp 872 181 1347 628 0
s8/Image/img00222.bmp 844 205 1323 643 0
s8/Image/img00223.bmp 850 204 1326 644 0
s8/Image/img00224.bmp 871 197 1348 658 0
s8/Image/img00225.bmp 864 203 1337 652 0
s8/Image/img00226.bmp 854 224 1330 673 0
s8/Image/img00227.bmp 853 250 1328 696 0
s8/Image/img00228.bmp 860 245 1336 695 0
s8/Image/img00229.bmp 876 208 1352 661 0
s8/Image/img00230.bmp 849 214 1324 665 0
s8/Image/img00231.bmp 851 207 1328 651 0
s8/Image/img00232.bmp 856 210 1328 655 0
s8/Image/img00233.bmp 853 207 1320 655 0
s8/Image/img00234.bmp 850 212 1324 652 0
s8/Image/img00235.bmp 805 207 1277 648 0
s8/Image/img00236.bmp 795 220 1268 669 0
s8/Image/img00237.bmp 789 196 1262 643 0
s8/Image/img00238.bmp 796 180 1272 617 0
s8/Image/img00239.bmp 864 130 1343 593 0
s8/Image/img00240.bmp 782 193 1256 639 0
s8/Image/img00241.bmp 782 212 1258 649 0
s8/Image/img00242.bmp 873 158 1330 562 0
s8/Image/img00243.bmp 874 183 1332 596 0
s8/Image/img00244.bmp 863 208 1326 614 0
s8/Image/img00245.bmp 839 180 1316 619 0
s8/Image/img00246.bmp 845 187 1321 625 0
s8/Image/img00247.bmp 838 189 1317 629 0
s8/Image/img00248.bmp 848 177 1325 614 0
s8/Image/img00249.bmp 846 176 1325 628 0
s8/Image/img00250.bmp 861 169 1338 622 0
s8/Image/img00251.bmp 866 167 1345 621 0
s8/Image/img00252.bmp 872 180 1345 627 0
s8/Image/img00253.bmp 863 177 1342 629 0
s8/Image/img00254.bmp 861 182 1340 631 0
s8/Image/img00255.bmp 863 169 1345 625 0
s8/Image/img00256.bmp 863 167 1342 630 0
s8/Image/img00257.bmp 876 154 1357 609 0
s8/Image/img00258.bmp 879 168 1350 618 0
s8/Image/img00259.bmp 883 163 1358 616 0
s8/Image/img00260.bmp 875 184 1351 634 0
s8/Image/img00261.bmp 853 167 1332 613 0
s8/Image/img00262.bmp 833 201 1311 638 0
s8/Image/img00263.bmp 813 214 1297 655 0
s8/Image/img00264.bmp 795 213 1274 661 0
s8/Image/img00265.bmp 863 186 1340 635 0
s8/Image/img00266.bmp 858 172 1337 624 0
s8/Image/img00267.bmp 862 184 1341 634 0
s8/Image/img00268.bmp 854 177 1333 635 0
s8/Image/img00269.bmp 874 171 1357 631 0
s8/Image/img00270.bmp 876 176 1353 627 0
s8/Image/img00271.bmp 901 185 1380 637 0
s8/Image/img00272.bmp 929 174 1405 624 0
s8/Image/img00273.bmp 927 173 1395 617 0
s8/Image/img00274.bmp 871 140 1350 580 0
s8/Image/img00275.bmp 910 182 1385 611 0
s8/Image/img00276.bmp 929 181 1406 619 0
s8/Image/img00277.bmp 871 162 1347 597 0
s8/Image/img00278.bmp 836 112 1311 560 0
s8/Image/img00279.bmp 887 145 1357 591 0
s8/Image/img00280.bmp 888 152 1363 606 0
s8/Image/img00281.bmp 902 146 1381 596 0
s8/Image/img00282.bmp 913 145 1392 601 0
s8/Image/img00283.bmp 914 157 1391 607 0
s8/Image/img00284.bmp 916 234 1392 681 0
s8/Image/img00285.bmp 899 313 1371 758 0
s8/Image/img00286.bmp 904 310 1379 756 0
s8/Image/img00287.bmp 905 298 1380 749 0
s8/Image/img00288.bmp 929 303 1402 746 0
s8/Image/img00289.bmp 909 297 1381 735 0
s8/Image/img00290.bmp 907 305 1390 753 0
s8/Image/img00291.bmp 880 302 1352 749 0
s8/Image/img00292.bmp 1008 317 1483 774 0
s8/Image/img00293.bmp 912 297 1382 750 0
s8/Image/img00294.bmp 876 297 1351 752 0
s8/Image/img00295.bmp 903 292 1372 740 0
s8/Image/img00296.bmp 900 292 1374 740 0
s8/Image/img00297.bmp 894 289 1370 744 0
s8/Image/img00298.bmp 908 295 1382 754 0
s8/Image/img00299.bmp 934 317 1406 774 0
s8/Image/img00300.bmp 925 338 1401 795 0
s8/Image/img00301.bmp 900 367 1358 812 0
s8/Image/img00302.bmp 883 317 1362 780 0
s8/Image/img00303.bmp 907 321 1382 776 0
s8/Image/img00304.bmp 903 340 1379 794 0
s8/Image/img00305.bmp 909 371 1386 817 0
s8/Image/img00306.bmp 840 390 1307 830 0
s8/Image/img00307.bmp 810 384 1278 834 0
s8/Image/img00308.bmp 781 380 1260 843 0
s8/Image/img00309.bmp 819 424 1295 882 0
s8/Image/img00310.bmp 824 395 1298 847 0
s8/Image/img00311.bmp 811 354 1286 807 0
s8/Image/img00312.bmp 815 353 1286 808 0
s8/Image/img00313.bmp 891 421 1364 868 0
s8/Image/img00314.bmp 914 477 1393 932 0
s8/Image/img00315.bmp 863 369 1342 827 0
s8/Image/img00316.bmp 808 383 1287 841 0
s8/Image/img00317.bmp 833 375 1308 834 0
s8/Image/img00318.bmp 818 348 1294 799 0
s8/Image/img00319.bmp 817 349 1291 798 0
s8/Image/img00320.bmp 814 335 1286 793 0
s8/Image/img00321.bmp 813 330 1290 787 0
s8/Image/img00322.bmp 815 335 1292 785 0
s8/Image/img00323.bmp 811 346 1290 796 0
s8/Image/img00324.bmp 843 327 1310 774 0
s8/Image/img00325.bmp 836 349 1310 799 0
s8/Image/img00326.bmp 788 273 1255 717 0
s8/Image/img00327.bmp 829 315 1291 762 0
s8/Image/img00328.bmp 837 318 1304 762 0
s8/Image/img00329.bmp 832 323 1302 762 0
s8/Image/img00330.bmp 835 318 1302 764 0
s8/Image/img00331.bmp 845 318 1311 759 0
s8/Image/img00332.bmp 850 318 1314 766 0
s8/Image/img00333.bmp 839 320 1308 764 0
s8/Image/img00334.bmp 840 312 1312 763 0
s8/Image/img00335.bmp 828 316 1294 765 0
s8/Image/img00336.bmp 793 340 1263 785 0
s8/Image/img00337.bmp 796 336 1255 778 0
s8/Image/img00338.bmp 820 320 1287 769 0
s8/Image/img00339.bmp 794 320 1261 772 0
s8/Image/img00340.bmp 794 330 1260 774 0
s8/Image/img00341.bmp 812 298 1277 754 0
s8/Image/img00342.bmp 805 307 1273 758 0
s8/Image/img00343.bmp 803 318 1275 781 0
s8/Image/img00344.bmp 828 322 1291 771 0
s8/Image/img00345.bmp 845 317 1307 766 0
s8/Image/img00346.bmp 820 334 1287 790 0
s8/Image/img00347.bmp 841 328 1310 795 0
s8/Image/img00348.bmp 859 337 1325 789 0
s8/Image/img00349.bmp 830 332 1302 786 0
s8/Image/img00350.bmp 799 316 1271 773 0
s8/Image/img00351.bmp 802 305 1274 757 0
s8/Image/img00352.bmp 806 317 1278 771 0
s8/Image/img00353.bmp 825 308 1295 767 0
s8/Image/img00354.bmp 847 312 1317 763 0
s8/Image/img00355.bmp 823 335 1291 769 0
s8/Image/img00356.bmp 821 324 1293 787 0
s8/Image/img00357.bmp 815 328 1285 788 0
s8/Image/img00358.bmp 817 314 1289 777 0
s8/Image/img00359.bmp 819 310 1280 750 0
s8/Image/img00360.bmp 839 299 1295 737 0
s8/Image/img00361.bmp 825 296 1276 738 0
s8/Image/img00362.bmp 794 297 1260 745 0
s8/Image/img00363.bmp 822 320 1279 770 0
s8/Image/img00364.bmp 819 298 1281 743 0
s8/Image/img00365.bmp 822 282 1283 728 0
s8/Image/img00366.bmp 816 293 1285 741 0
s8/Image/img00367.bmp 821 329 1290 785 0
s8/Image/img00368.bmp 821 305 1280 765 0
s8/Image/img00369.bmp 852 345 1319 804 0
s8/Image/img00370.bmp 810 241 1280 694 0
s8/Image/img00371.bmp 835 307 1303 756 0
s8/Image/img00372.bmp 831 311 1303 764 0
s8/Image/img00373.bmp 816 306 1288 769 0
s8/Image/img00374.bmp 825 313 1298 768 0
s8/Image/img00375.bmp 849 317 1318 772 0
s8/Image/img00376.bmp 844 318 1311 756 0
s8/Image/img00377.bmp 872 302 1338 740 0
s8/Image/img00378.bmp 865 294 1332 739 0
s8/Image/img00379.bmp 862 304 1330 746 0
s8/Image/img00380.bmp 879 296 1343 739 0
s8/Image/img00381.bmp 898 292 1365 733 0
s8/Image/img00382.bmp 871 268 1336 716 0
s8/Image/img00383.bmp 870 260 1339 700 0
s8/Image/img00384.bmp 873 278 1342 727 0
s8/Image/img00385.bmp 882 280 1347 734 0
s8/Image/img00386.bmp 882 274 1348 726 0
s8/Image/img00387.bmp 859 281 1329 730 0
s8/Image/img00388.bmp 873 292 1345 737 0
s8/Image/img00389.bmp 885 289 1352 729 0
s8/Image/img00390.bmp 865 276 1332 721 0
s8/Image/img00391.bmp 863 280 1333 724 0
s8/Image/img00392.bmp 879 289 1349 734 0
s8/Image/img00393.bmp 874 300 1346 756 0
s8/Image/img00394.bmp 883 292 1351 745 0
s8/Image/img00395.bmp 833 298 1305 750 0
s8/Image/img00396.bmp 843 298 1311 748 0
s8/Image/img00397.bmp 848 299 1317 750 0
s8/Image/img00398.bmp 876 285 1343 734 0
s8/Image/img00399.bmp 895 291 1362 740 0
s8/Image/img00400.bmp 867 298 1341 750 0
s8/Image/img00401.bmp 843 309 1314 754 0
s8/Image/img00402.bmp 843 301 1312 752 0
s8/Image/img00403.bmp 839 303 1313 762 0
s8/Image/img00404.bmp 837 318 1309 766 0
s8/Image/img00405.bmp 830 322 1298 772 0
s8/Image/img00406.bmp 806 315 1276 768 0
s8/Image/img00407.bmp 823 324 1295 775 0
s8/Image/img00408.bmp 810 331 1280 779 0
s8/Image/img00409.bmp 798 332 1267 787 0
s8/Image/img00410.bmp 787 360 1259 811 0
s8/Image/img00411.bmp 801 375 1271 832 0
s8/Image/img00412.bmp 800 359 1272 822 0
s8/Image/img00413.bmp 813 367 1282 830 0
s8/Image/img00414.bmp 830 351 1303 814 0
s8/Image/img00415.bmp 827 314 1298 768 0
s8/Image/img00416.bmp 813 305 1284 763 0
s8/Image/img00417.bmp 834 295 1304 747 0
s8/Image/img00418.bmp 806 298 1278 756 0
s8/Image/img00419.bmp 807 297 1277 760 0
s8/Image/img00420.bmp 796 295 1266 748 0
s8/Image/img00421.bmp 766 319 1238 775 0
s8/Image/img00422.bmp 810 309 1279 769 0
s8/Image/img00423.bmp 763 318 1232 771 0
s8/Image/img00424.bmp 719 348 1185 797 0
s8/Image/img00425.bmp 791 325 1265 782 0
s8/Image/img00426.bmp 793 314 1267 764 0
s8/Image/img00427.bmp 809 308 1280 759 0
s8/Image/img00428.bmp 830 319 1298 774 0
s8/Image/img00429.bmp 831 308 1301 760 0
s8/Image/img00430.bmp 852 310 1323 765 0
s8/Image/img00431.bmp 854 314 1324 773 0
s8/Image/img00432.bmp 831 322 1302 778 0
s8/Image/img00433.bmp 865 337 1332 787 0
s8/Image/img00434.bmp 850 303 1318 754 0
s8/Image/img00435.bmp 870 299 1345 747 0
s8/Image/img00436.bmp 864 308 1341 758 0
s8/Image/img00437.bmp 858 310 1328 757 0
s8/Image/img00438.bmp 864 329 1335 782 0
s8/Image/img00439.bmp 848 349 1324 806 0
s8/Image/img00440.bmp 826 332 1306 791 0
s8/Image/img00441.bmp 843 314 1315 775 0
s8/Image/img00442.bmp 803 337 1275 796 0
s8/Image/img00443.bmp 793 330 1265 788 0
s8/Image/img00444.bmp 794 336 1268 794 0
s8/Image/img00445.bmp 805 371 1277 834 0
s8/Image/img00446.bmp 841 434 1313 878 0
s8/Image/img00447.bmp 841 333 1313 791 0
s8/Image/img00448.bmp 852 335 1321 794 0
s8/Image/img00449.bmp 849 347 1323 801 0
s8/Image/img00450.bmp 875 380 1347 840 0
s8/Image/img00451.bmp 878 344 1345 803 0
s8/Image/img00452.bmp 890 325 1366 777 0
s8/Image/img00453.bmp 847 333 1319 796 0
s8/Image/img00454.bmp 894 409 1369 871 0
s8/Image/img00455.bmp 892 364 1364 827 0
s8/Image/img00456.bmp 868 352 1338 812 0
s8/Image/img00457.bmp 851 322 1323 783 0
s8/Image/img00458.bmp 842 344 1317 799 0
s8/Image/img00459.bmp 801 326 1273 786 0
s8/Image/img00460.bmp 821 269 1295 717 0
s8/Image/img00461.bmp 850 269 1323 719 0
s8/Image/img00462.bmp 820 275 1290 724 0
s8/Image/img00463.bmp 885 220 1362 678 0
s8/Image/img00464.bmp 980 246 1458 687 0
s8/Image/img00465.bmp 1020 270 1501 715 0
s8/Image/img00466.bmp 1046 257 1538 696 0
s8/Image/img00467.bmp 873 303 1345 766 0
s8/Image/img00468.bmp 850 322 1322 785 0
s8/Image/img00469.bmp 842 305 1312 761 0
s8/Image/img00470.bmp 858 305 1329 765 0
s8/Image/img00471.bmp 867 306 1347 763 0
s8/Image/img00472.bmp 888 282 1366 739 0
s8/Image/img00473.bmp 860 306 1332 765 0
s8/Image/img00474.bmp 856 308 1328 759 0
s8/Image/img00475.bmp 861 294 1333 740 0
s8/Image/img00476.bmp 855 298 1327 752 0
s8/Image/img00477.bmp 873 285 1348 745 0
s8/Image/img00478.bmp 886 287 1359 730 0
s8/Image/img00479.bmp 896 284 1377 735 0
s8/Image/img00480.bmp 884 280 1358 729 0
s8/Image/img00481.bmp 888 279 1363 736 0
s8/Image/img00482.bmp 880 287 1356 735 0
s8/Image/img00483.bmp 864 295 1334 741 0
s8/Image/img00484.bmp 843 288 1314 746 0
s8/Image/img00485.bmp 853 297 1328 745 0
s8/Image/img00486.bmp 868 258 1350 712 0
s8/Image/img00487.bmp 867 285 1335 728 0
s8/Image/img00488.bmp 841 284 1313 734 0
s8/Image/img00489.bmp 732 286 1206 733 0
s8/Image/img00490.bmp 740 285 1217 734 0
s8/Image/img00491.bmp 739 277 1216 740 0
s8/Image/img00492.bmp 749 286 1221 741 0
s8/Image/img00493.bmp 758 289 1229 744 0
s8/Image/img00494.bmp 748 292 1215 740 0
s8/Image/img00495.bmp 716 297 1188 745 0
s8/Image/img00496.bmp 675 257 1147 699 0
s8/Image/img00497.bmp 658 242 1130 687 0
s8/Image/img00498.bmp 619 225 1091 673 0
s8/Image/img00499.bmp 583 213 1055 656 0
s8/Image/img00500.bmp 582 205 1050 660 0
s8/Image/img00501.bmp 553 191 1021 631 0
s8/Image/img00502.bmp 547 212 1021 657 0
s8/Image/img00503.bmp 490 182 959 616 0
s8/Image/img00504.bmp 453 171 928 598 0
s8/Image/img00505.bmp 471 191 936 627 0
s8/Image/img00506.bmp 427 144 899 575 0
s8/Image/img00507.bmp 429 199 915 638 0
s8/Image/img00508.bmp 373 143 845 591 0
s8/Image/img00509.bmp 427 221 899 659 0
s8/Image/img00510.bmp 428 204 903 646 0
s8/Image/img00511.bmp 433 231 905 664 0
s8/Image/img00512.bmp 435 237 907 674 0
s8/Image/img00513.bmp 453 236 917 679 0
s8/Image/img00514.bmp 434 219 904 659 0
s8/Image/img00515.bmp 446 263 915 706 0
s8/Image/img00516.bmp 418 244 888 689 0
s8/Image/img00517.bmp 419 244 891 690 0
s8/Image/img00518.bmp 416 242 886 692 0
s8/Image/img00519.bmp 403 247 875 692 0
s8/Image/img00520.bmp 407 242 879 685 0
s8/Image/img00521.bmp 410 234 876 678 0
s8/Image/img00522.bmp 418 238 890 683 0
s8/Image/img00523.bmp 508 231 980 688 0
s8/Image/img00524.bmp 681 240 1159 684 0
s8/Image/img00525.bmp 674 243 1153 698 0
s8/Image/img00526.bmp 683 244 1160 691 0
s8/Image/img00527.bmp 688 246 1155 686 0
s8/Image/img00528.bmp 684 256 1146 695 0
s8/Image/img00529.bmp 693 246 1163 688 0
s8/Image/img00530.bmp 673 248 1145 695 0
s8/Image/img00531.bmp 653 251 1119 694 0
s8/Image/img00532.bmp 662 229 1134 692 0
s8/Image/img00533.bmp 646 244 1110 696 0
s8/Image/img00534.bmp 666 249 1129 699 0
s8/Image/img00535.bmp 647 242 1119 691 0
s8/Image/img00536.bmp 648 239 1120 690 0
s8/Image/img00537.bmp 661 242 1124 690 0
s8/Image/img00538.bmp 657 234 1125 680 0
s8/Image/img00539.bmp 664 225 1134 677 0
s8/Image/img00540.bmp 659 233 1131 683 0
s8/Image/img00541.bmp 650 225 1117 667 0
s8/Image/img00542.bmp 643 209 1110 652 0
s8/Image/img00543.bmp 652 171 1117 601 0
s8/Image/img00544.bmp 665 209 1130 650 0
s8/Image/img00545.bmp 648 189 1116 623 0
s8/Image/img00546.bmp 624 140 1078 574 0
s8/Image/img00547.bmp 671 176 1138 597 0
s8/Image/img00548.bmp 684 203 1161 633 0
s8/Image/img00549.bmp 677 173 1140 609 0
s8/Image/img00550.bmp 667 172 1131 602 0
s8/Image/img00551.bmp 678 192 1152 622 0
s8/Image/img00552.bmp 656 219 1128 655 0
s8/Image/img00553.bmp 650 225 1123 673 0
s8/Image/img00554.bmp 650 238 1117 680 0
s8/Image/img00555.bmp 630 234 1102 689 0
s8/Image/img00556.bmp 623 235 1092 687 0
s8/Image/img00557.bmp 627 229 1099 676 0
s8/Image/img00558.bmp 611 240 1083 691 0
s8/Image/img00559.bmp 621 230 1089 676 0
s8/Image/img00560.bmp 623 238 1096 691 0
s8/Image/img00561.bmp 625 238 1095 689 0
s8/Image/img00562.bmp 625 238 1095 688 0
s8/Image/img00563.bmp 640 249 1109 698 0
s8/Image/img00564.bmp 633 218 1101 672 0
s8/Image/img00565.bmp 636 221 1103 671 0
s8/Image/img00566.bmp 649 231 1118 687 0
s8/Image/img00567.bmp 644 226 1116 677 0
s8/Image/img00568.bmp 639 221 1108 673 0
s8/Image/img00569.bmp 644 219 1110 671 0
s8/Image/img00570.bmp 655 234 1122 685 0
s8/Image/img00571.bmp 655 213 1120 663 0
s8/Image/img00572.bmp 647 235 1119 689 0
s8/Image/img00573.bmp 661 230 1130 684 0
s8/Image/img00574.bmp 653 251 1117 699 0
s8/Image/img00575.bmp 650 238 1119 683 0
s8/Image/img00576.bmp 642 227 1103 667 0
s8/Image/img00577.bmp 637 236 1094 665 0
s8/Image/img00578.bmp 648 231 1111 679 0
s8/Image/img00579.bmp 638 221 1101 667 0
s8/Image/img00580.bmp 740 224 1205 670 0
s8/Image/img00581.bmp 745 220 1219 672 0
s8/Image/img00582.bmp 750 219 1216 662 0
s8/Image/img00583.bmp 735 241 1207 700 0
s8/Image/img00584.bmp 721 233 1193 692 0
s8/Image/img00585.bmp 712 231 1184 688 0
s8/Image/img00586.bmp 716 243 1188 696 0
s8/Image/img00587.bmp 725 240 1200 694 0
s8/Image/img00588.bmp 732 245 1215 694 0
s8/Image/img00589.bmp 767 260 1239 708 0
s8/Image/img00590.bmp 746 241 1214 685 0
s8/Image/img00591.bmp 734 235 1206 680 0
s8/Image/img00592.bmp 726 232 1199 681 0
s8/Image/img00593.bmp 735 230 1206 671 0
s8/Image/img00594.bmp 729 224 1201 669 0
s8/Image/img00595.bmp 708 225 1176 672 0
s8/Image/img00596.bmp 729 208 1189 654 0
s8/Image/img00597.bmp 775 203 1218 636 0
s8/Image/img00598.bmp 809 177 1257 594 0
s8/Image/img00599.bmp 857 187 1326 618 0
s8/Image/img00600.bmp 913 197 1378 631 0
s8/Image/img00601.bmp 758 190 1225 636 0
s8/Image/img00602.bmp 736 205 1201 657 0
s8/Image/img00603.bmp 718 225 1187 671 0
s8/Image/img00604.bmp 740 196 1208 635 0
s8/Image/img00605.bmp 726 209 1186 650 0
s8/Image/img00606.bmp 714 216 1186 674 0
s8/Image/img00607.bmp 729 210 1183 652 0
s8/Image/img00608.bmp 725 197 1188 637 0
s8/Image/img00609.bmp 735 194 1207 637 0
s8/Image/img00610.bmp 754 204 1226 644 0
s8/Image/img00611.bmp 738 197 1203 643 0
s8/Image/img00612.bmp 732 215 1197 662 0
s8/Image/img00613.bmp 746 220 1212 666 0
s8/Image/img00614.bmp 732 210 1198 650 0
s8/Image/img00615.bmp 676 188 1141 627 0
s8/Image/img00616.bmp 681 187 1146 634 0
s8/Image/img00617.bmp 662 195 1133 634 0
s8/Image/img00618.bmp 662 192 1126 637 0
s8/Image/img00619.bmp 730 210 1197 659 0
s8/Image/img00620.bmp 708 219 1176 662 0
s8/Image/img00621.bmp 712 208 1181 667 0
s8/Image/img00622.bmp 705 204 1177 659 0
s8/Image/img00623.bmp 642 153 1114 603 0
s8/Image/img00624.bmp 673 185 1140 631 0
s8/Image/img00625.bmp 640 148 1110 592 0
s8/Image/img00626.bmp 644 178 1114 619 0
s8/Image/img00627.bmp 645 157 1108 600 0
s8/Image/img00628.bmp 663 174 1132 613 0
s8/Image/img00629.bmp 731 208 1203 653 0
s8/Image/img00630.bmp 648 156 1124 599 0
s8/Image/img00631.bmp 634 156 1106 601 0
s8/Image/img00632.bmp 640 161 1112 608 0
s8/Image/img00633.bmp 583 122 1057 565 0
s8/Image/img00634.bmp 584 142 1055 583 0
s8/Image/img00635.bmp 587 138 1057 586 0
s8/Image/img00636.bmp 611 143 1084 587 0
s8/Image/img00637.bmp 595 133 1064 575 0
s8/Image/img00638.bmp 607 184 1077 630 0
s8/Image/img00639.bmp 637 207 1106 647 0
s8/Image/img00640.bmp 655 220 1125 666 0
s8/Image/img00641.bmp 647 224 1119 673 0
s8/Image/img00642.bmp 647 217 1119 665 0
s8/Image/img00643.bmp 644 229 1116 673 0
s8/Image/img00644.bmp 634 226 1105 670 0
s8/Image/img00645.bmp 631 218 1097 658 0
s8/Image/img00646.bmp 632 217 1108 658 0
s8/Image/img00647.bmp 619 240 1087 684 0
s8/Image/img00648.bmp 592 314 1055 760 0
s8/Image/img00649.bmp 599 281 1071 734 0
s8/Image/img00650.bmp 601 291 1070 734 0
s8/Image/img00651.bmp 593 321 1060 767 0
s8/Image/img00652.bmp 620 264 1084 710 0
s8/Image/img00653.bmp 653 305 1125 760 0
s8/Image/img00654.bmp 637 328 1100 771 0
s8/Image/img00655.bmp 622 229 1092 679 0
s8/Image/img00656.bmp 629 260 1096 702 0
s8/Image/img00657.bmp 632 234 1104 681 0
s8/Image/img00658.bmp 633 220 1104 667 0
s8/Image/img00659.bmp 628 229 1100 675 0
s8/Image/img00660.bmp 615 237 1085 680 0
s8/Image/img00661.bmp 637 214 1105 662 0
s8/Image/img00662.bmp 636 235 1107 676 0
s8/Image/img00663.bmp 642 232 1113 677 0
s8/Image/img00664.bmp 642 228 1111 675 0
s8/Image/img00665.bmp 643 247 1117 692 0
s8/Image/img00666.bmp 641 236 1117 679 0
s8/Image/img00667.bmp 642 236 1120 680 0
s8/Image/img00668.bmp 646 233 1116 676 0
s8/Image/img00669.bmp 643 224 1117 666 0
s8/Image/img00670.bmp 640 214 1110 656 0
s8/Image/img00671.bmp 640 222 1112 665 0
s8/Image/img00672.bmp 641 226 1113 662 0
s8/Image/img00673.bmp 638 201 1118 648 0
s8/Image/img00674.bmp 644 206 1113 654 0
s8/Image/img00675.bmp 636 216 1107 659 0
s8/Image/img00676.bmp 648 224 1118 662 0
s8/Image/img00677.bmp 635 208 1101 652 0
s8/Image/img00678.bmp 630 245 1099 694 0
s8/Image/img00679.bmp 624 266 1096 716 0
s8/Image/img00680.bmp 632 263 1104 718 0
s8/Image/img00681.bmp 621 274 1093 722 0
s8/Image/img00682.bmp 613 227 1084 674 0
s8/Image/img00683.bmp 631 226 1101 667 0
s8/Image/img00684.bmp 608 200 1078 644 0
s8/Image/img00685.bmp 603 198 1077 644 0
s8/Image/img00686.bmp 594 202 1064 649 0
s8/Image/img00687.bmp 613 192 1083 636 0
s8/Image/img00688.bmp 626 221 1102 684 0
s8/Image/img00689.bmp 606 201 1071 639 0
s8/Image/img00690.bmp 647 212 1114 644 0
s8/Image/img00691.bmp 639 225 1116 661 0
s8/Image/img00692.bmp 619 237 1090 678 0
s8/Image/img00693.bmp 654 295 1127 737 0
s8/Image/img00694.bmp 654 265 1137 717 0
s8/Image/img00695.bmp 645 273 1127 725 0
s8/Image/img00696.bmp 665 297 1142 737 0
s8/Image/img00697.bmp 660 243 1135 689 0
s8/Image/img00698.bmp 666 241 1138 690 0
s8/Image/img00699.bmp 666 245 1131 690 0
s8/Image/img00700.bmp 633 247 1104 707 0
s8/Image/img00701.bmp 610 224 1081 663 0
s8/Image/img00702.bmp 615 229 1090 666 0
s8/Image/img00703.bmp 612 219 1089 658 0
s8/Image/img00704.bmp 625 219 1097 661 0
s8/Image/img00705.bmp 609 219 1083 663 0
s8/Image/img00706.bmp 626 217 1089 656 0
s8/Image/img00707.bmp 613 204 1085 651 0
s8/Image/img00708.bmp 609 215 1084 654 0
s8/Image/img00709.bmp 637 220 1103 662 0
s8/Image/img00710.bmp 626 218 1101 655 0
s8/Image/img00711.bmp 633 191 1107 634 0
s8/Image/img00712.bmp 592 110 1064 539 0
s8/Image/img00713.bmp 619 176 1098 613 0
s8/Image/img00714.bmp 619 189 1091 631 0
s8/Image/img00715.bmp 626 199 1098 639 0
s8/Image/img00716.bmp 650 181 1125 623 0
s8/Image/img00717.bmp 636 193 1110 632 0
s8/Image/img00718.bmp 633 201 1108 642 0
s8/Image/img00719.bmp 631 200 1103 644 0
s8/Image/img00720.bmp 660 202 1130 644 0
s8/Image/img00721.bmp 620 254 1087 683 0
s8/Image/img00722.bmp 601 274 1078 722 0
s8/Image/img00723.bmp 600 267 1074 721 0
s8/Image/img00724.bmp 606 223 1079 667 0
s8/Image/img00725.bmp 615 234 1084 677 0
s8/Image/img00726.bmp 598 218 1068 662 0
s8/Image/img00727.bmp 589 223 1063 670 0
s8/Image/img00728.bmp 592 206 1065 660 0
s8/Image/img00729.bmp 602 225 1076 660 0
s8/Image/img00730.bmp 602 227 1071 669 0
s8/Image/img00731.bmp 590 225 1066 668 0
s8/Image/img00732.bmp 603 222 1077 665 0
s8/Image/img00733.bmp 594 197 1066 637 0
s8/Image/img00734.bmp 593 210 1074 645 0
s8/Image/img00735.bmp 596 193 1068 637 0
s8/Image/img00736.bmp 596 206 1068 649 0
s8/Image/img00737.bmp 621 212 1091 647 0
s8/Image/img00738.bmp 613 206 1083 644 0
s8/Image/img00739.bmp 629 208 1098 646 0
s8/Image/img00740.bmp 627 217 1101 653 0
s8/Image/img00741.bmp 590 226 1063 671 0
s8/Image/img00742.bmp 563 238 1035 692 0
s8/Image/img00743.bmp 585 220 1057 670 0
s8/Image/img00744.bmp 571 249 1043 693 0
s8/Image/img00745.bmp 537 275 1006 715 0
s8/Image/img00746.bmp 499 268 962 716 0
s8/Image/img00747.bmp 601 265 1069 713 0
s8/Image/img00748.bmp 582 291 1048 737 0
s8/Image/img00749.bmp 598 236 1073 684 0
s8/Image/img00750.bmp 601 238 1073 680 0
s8/Image/img00751.bmp 596 232 1075 673 0
s8/Image/img00752.bmp 622 246 1094 691 0
s8/Image/img00753.bmp 612 233 1090 680 0
s8/Image/img00754.bmp 618 231 1086 671 0
s8/Image/img00755.bmp 634 237 1101 676 0
s8/Image/img00756.bmp 630 237 1102 678 0
s8/Image/img00757.bmp 608 222 1079 670 0
s8/Image/img00758.bmp 635 228 1102 673 0
s8/Image/img00759.bmp 635 230 1104 676 0
s8/Image/img00760.bmp 751 205 1223 664 0
s8/Image/img00761.bmp 629 202 1101 657 0
s8/Image/img00762.bmp 649 222 1119 673 0
s8/Image/img00763.bmp 633 223 1105 678 0
s8/Image/img00764.bmp 632 221 1107 669 0
s8/Image/img00765.bmp 634 220 1106 677 0
s8/Image/img00766.bmp 633 226 1104 670 0
s8/Image/img00767.bmp 641 225 1113 670 0
s8/Image/img00768.bmp 634 212 1106 660 0
s8/Image/img00769.bmp 642 232 1109 683 0
s8/Image/img00770.bmp 631 262 1100 700 0
s8/Image/img00771.bmp 617 248 1089 696 0
s8/Image/img00772.bmp 619 243 1089 691 0
s8/Image/img00773.bmp 644 223 1110 662 0
s8/Image/img00774.bmp 641 208 1110 651 0
s8/Image/img00775.bmp 643 209 1101 647 0
s8/Image/img00776.bmp 625 209 1099 656 0
s8/Image/img00777.bmp 650 211 1113 654 0
s8/Image/img00778.bmp 646 221 1114 661 0
s8/Image/img00779.bmp 625 223 1094 665 0
s8/Image/img00780.bmp 599 219 1063 658 0
s8/Image/img00781.bmp 650 237 1118 680 0
s8/Image/img00782.bmp 623 230 1083 667 0
s8/Image/img00783.bmp 622 230 1086 661 0
s8/Image/img00784.bmp 658 256 1119 684 0
s8/Image/img00785.bmp 754 292 1217 714 0
s8/Image/img00786.bmp 768 294 1236 723 0
s8/Image/img00787.bmp 649 229 1121 668 0
s8/Image/img00788.bmp 629 229 1090 656 0
s8/Image/img00789.bmp 640 232 1103 660 0
s8/Image/img00790.bmp 628 216 1103 649 0
s8/Image/img00791.bmp 633 212 1103 652 0
s8/Image/img00792.bmp 641 210 1104 652 0
s8/Image/img00793.bmp 637 217 1099 653 0
s8/Image/img00794.bmp 641 210 1104 646 0
s8/Image/img00795.bmp 627 214 1095 654 0
s8/Image/img00796.bmp 636 224 1105 663 0
s8/Image/img00797.bmp 514 141 983 571 0
s8/Image/img00798.bmp 613 204 1071 641 0
s8/Image/img00799.bmp 614 221 1064 661 0
s8/Image/img00800.bmp 632 213 1084 652 0
s8/Image/img00801.bmp 624 212 1081 651 0
s8/Image/img00802.bmp 644 221 1104 668 0
s8/Image/img00803.bmp 622 208 1089 647 0
s8/Image/img00804.bmp 653 216 1110 655 0
s8/Image/img00805.bmp 636 226 1106 675 0
s8/Image/img00806.bmp 605 221 1074 677 0
s8/Image/img00807.bmp 614 238 1082 680 0
s8/Image/img00808.bmp 616 253 1077 697 0
s8/Image/img00809.bmp 603 256 1074 701 0
s8/Image/img00810.bmp 622 228 1079 673 0
s8/Image/img00811.bmp 603 239 1067 682 0
s8/Image/img00812.bmp 651 216 1097 661 0
s8/Image/img00813.bmp 644 198 1084 635 0
s8/Image/img00814.bmp 619 185 1081 629 0
s8/Image/img00815.bmp 612 188 1079 633 0
s8/Image/img00816.bmp 608 186 1072 639 0
s8/Image/img00817.bmp 597 177 1070 627 0
s8/Image/img00818.bmp 603 188 1073 636 0
s8/Image/img00819.bmp 616 190 1085 639 0
s8/Image/img00820.bmp 625 173 1097 633 0
s8/Image/img00821.bmp 628 219 1100 676 0
s8/Image/img00822.bmp 634 220 1097 675 0
s8/Image/img00823.bmp 643 228 1091 676 0
s8/Image/img00824.bmp 683 220 1155 683 0
s8/Image/img00825.bmp 672 238 1129 675 0
s8/Image/img00826.bmp 633 241 1095 678 0
s8/Image/img00827.bmp 643 231 1100 670 0
s8/Image/img00828.bmp 645 230 1115 670 0
s8/Image/img00829.bmp 660 232 1132 676 0
s8/Image/img00830.bmp 671 206 1127 638 0
s8/Image/img00831.bmp 646 229 1108 675 0
s8/Image/img00832.bmp 633 220 1100 653 0
s8/Image/img00833.bmp 645 198 1108 636 0
s8/Image/img00834.bmp 632 216 1095 658 0
s8/Image/img00835.bmp 632 213 1094 651 0
s8/Image/img00836.bmp 626 210 1092 648 0
s8/Image/img00837.bmp 626 210 1092 656 0
s8/Image/img00838.bmp 626 207 1080 645 0
s8/Image/img00839.bmp 613 216 1076 653 0
s8/Image/img00840.bmp 644 208 1106 655 0
s8/Image/img00841.bmp 619 227 1091 670 0
s8/Image/img00842.bmp 614 234 1086 686 0
s8/Image/img00843.bmp 605 224 1073 663 0
s8/Image/img00844.bmp 621 215 1077 655 0
s8/Image/img00845.bmp 634 229 1100 676 0
s8/Image/img00846.bmp 629 215 1094 659 0
s8/Image/img00847.bmp 621 213 1082 659 0
s8/Image/img00848.bmp 639 226 1104 683 0
s8/Image/img00849.bmp 605 215 1068 664 0
s8/Image/img00850.bmp 571 248 1039 698 0
s8/Image/img00851.bmp 557 274 1024 734 0
s8/Image/img00852.bmp 548 276 1018 739 0
s8/Image/img00853.bmp 594 215 1064 672 0
s8/Image/img00854.bmp 595 202 1065 665 0
s8/Image/img00855.bmp 587 207 1048 659 0
s8/Image/img00856.bmp 590 204 1060 655 0
s8/Image/img00857.bmp 602 206 1072 659 0
s8/Image/img00858.bmp 599 206 1069 660 0
s8/Image/img00859.bmp 617 239 1087 702 0
s8/Image/img00860.bmp 635 245 1105 696 0
s8/Image/img00861.bmp 614 247 1084 694 0
s8/Image/img00862.bmp 612 246 1075 699 0
s8/Image/img00863.bmp 609 246 1079 706 0
s8/Image/img00864.bmp 610 244 1080 707 0
s8/Image/img00865.bmp 603 261 1073 710 0
s8/Image/img00866.bmp 597 257 1067 720 0
s8/Image/img00867.bmp 605 246 1078 709 0
s8/Image/img00868.bmp 596 256 1066 719 0
s8/Image/img00869.bmp 603 245 1073 697 0
s8/Image/img00870.bmp 596 218 1066 665 0
s8/Image/img00871.bmp 586 247 1056 694 0
s8/Image/img00872.bmp 599 226 1069 681 0
s8/Image/img00873.bmp 586 227 1056 673 0
s8/Image/img00874.bmp 595 240 1043 690 0
s8/Image/img00875.bmp 590 227 1052 689 0
s8/Image/img00876.bmp 589 232 1059 691 0
s8/Image/img00877.bmp 561 234 1031 686 0
s8/Image/img00878.bmp 562 233 1032 696 0
s8/Image/img00879.bmp 578 222 1044 667 0
s8/Image/img00880.bmp 580 223 1048 669 0
s8/Image/img00881.bmp 594 229 1064 692 0
s8/Image/img00882.bmp 572 230 1042 686 0
s8/Image/img00883.bmp 581 233 1051 687 0
s8/Image/img00884.bmp 585 246 1055 703 0
s8/Image/img00885.bmp 583 247 1051 708 0
s8/Image/img00886.bmp 566 260 1036 723 0
s8/Image/img00887.bmp 575 257 1045 720 0
s8/Image/img00888.bmp 594 248 1053 684 0
s8/Image/img00889.bmp 605 240 1069 693 0
s8/Image/img00890.bmp 589 244 1033 669 0
s8/Image/img00891.bmp 582 265 1017 688 0
s8/Image/img00892.bmp 615 211 1070 649 0
s8/Image/img00893.bmp 596 233 1064 680 0
s8/Image/img00894.bmp 588 254 1041 688 0
s8/Image/img00895.bmp 631 240 1076 674 0
s8/Image/img00896.bmp 635 231 1091 662 0
s8/Image/img00897.bmp 606 235 1064 667 0
s8/Image/img00898.bmp 636 252 1078 683 0
s8/Image/img00899.bmp 618 274 1071 706 0
s8/Image/img00900.bmp 632 252 1084 692 0
s8/Image/img00901.bmp 642 268 1093 712 0
s8/Image/img00902.bmp 641 272 1095 701 0
s8/Image/img00903.bmp 627 256 1078 690 0
s8/Image/img00904.bmp 645 273 1093 703 0
s8/Image/img00905.bmp 616 265 1084 721 0
s8/Image/img00906.bmp 648 270 1101 709 0
s8/Image/img00907.bmp 611 290 1071 730 0
s8/Image/img00908.bmp 592 322 1058 768 0
s8/Image/img00909.bmp 628 286 1094 729 0
s8/Image/img00910.bmp 611 254 1078 706 0
s8/Image/img00911.bmp 658 273 1119 714 0
s8/Image/img00912.bmp 635 263 1095 709 0
s8/Image/img00913.bmp 637 246 1102 686 0
s8/Image/img00914.bmp 634 256 1099 699 0
s8/Image/img00915.bmp 636 274 1099 716 0
s8/Image/img00916.bmp 608 303 1074 754 0
s8/Image/img00917.bmp 607 335 1067 779 0
s8/Image/img00918.bmp 595 348 1055 789 0
s8/Image/img00919.bmp 615 282 1085 745 0
s8/Image/img00920.bmp 615 268 1081 723 0
s8/Image/img00921.bmp 612 269 1077 720 0
s8/Image/img00922.bmp 601 268 1065 721 0
s8/Image/img00923.bmp 571 357 1036 766 0
s8/Image/img00924.bmp 615 350 1079 790 0
s8/Image/img00925.bmp 601 339 1059 782 0
s8/Image/img00926.bmp 614 347 1077 793 0
s8/Image/img00927.bmp 612 350 1074 786 0
s8/Image/img00928.bmp 602 343 1063 788 0
s8/Image/img00929.bmp 606 326 1062 769 0
s8/Image/img00930.bmp 593 342 1058 781 0
s8/Image/img00931.bmp 590 300 1037 736 0
s8/Image/img00932.bmp 598 291 1035 726 0
s8/Image/img00933.bmp 585 267 1033 705 0
s8/Image/img00934.bmp 591 329 1043 768 0
s8/Image/img00935.bmp 576 329 1039 767 0
s8/Image/img00936.bmp 600 362 1055 802 0
s8/Image/img00937.bmp 605 374 1061 811 0
s8/Image/img00938.bmp 602 372 1063 806 0
s8/Image/img00939.bmp 619 380 1060 811 0
s8/Image/img00940.bmp 599 375 1066 838 0
s8/Image/img00941.bmp 599 375 1059 805 0
s8/Image/img00942.bmp 599 372 1062 811 0
s8/Image/img00943.bmp 593 367 1054 814 0
s8/Image/img00944.bmp 595 381 1065 844 0
s8/Image/img00945.bmp 586 395 1056 858 0
s8/Image/img00946.bmp 599 447 1069 910 0
s8/Image/img00947.bmp 595 386 1065 855 0
s8/Image/img00948.bmp 610 387 1076 846 0
s8/Image/img00949.bmp 609 377 1079 840 0
s8/Image/img00950.bmp 606 362 1069 808 0
s8/Image/img00951.bmp 601 387 1072 828 0
s8/Image/img00952.bmp 613 396 1077 829 0
s8/Image/img00953.bmp 616 389 1083 823 0
s8/Image/img00954.bmp 592 388 1060 831 0
s8/Image/img00955.bmp 591 448 1059 889 0
s8/Image/img00956.bmp 576 461 1041 903 0
s8/Image/img00957.bmp 562 420 1032 877 0
s8/Image/img00958.bmp 596 406 1066 869 0
s8/Image/img00959.bmp 588 399 1062 851 0
s8/Image/img00960.bmp 620 400 1090 851 0
s8/Image/img00961.bmp 583 396 1053 847 0
s8/Image/img00962.bmp 594 394 1064 857 0
s8/Image/img00963.bmp 571 400 1038 861 0
s8/Image/img00964.bmp 564 391 1034 854 0
s8/Image/img00965.bmp 581 402 1051 859 0
s8/Image/img00966.bmp 577 404 1042 849 0
s8/Image/img00967.bmp 569 397 1037 847 0
s8/Image/img00968.bmp 597 418 1061 879 0
s8/Image/img00969.bmp 602 419 1071 878 0
s8/Image/img00970.bmp 612 431 1072 879 0
s8/Image/img00971.bmp 630 454 1096 915 0
s8/Image/img00972.bmp 633 445 1094 895 0
s8/Image/img00973.bmp 626 435 1093 887 0
s8/Image/img00974.bmp 621 438 1086 891 0
s8/Image/img00975.bmp 624 419 1091 882 0
s8/Image/img00976.bmp 561 419 1027 872 0
s8/Image/img00977.bmp 578 416 1048 879 0
s8/Image/img00978.bmp 599 436 1055 886 0
s8/Image/img00979.bmp 551 414 1016 862 0
s8/Image/img00980.bmp 500 415 970 875 0
s8/Image/img00981.bmp 436 428 906 887 0
s8/Image/img00982.bmp 482 437 943 891 0
s8/Image/img00983.bmp 567 424 1024 876 0
s8/Image/img00984.bmp 558 394 1017 839 0
s8/Image/img00985.bmp 570 450 1037 901 0
s8/Image/img00986.bmp 573 441 1037 894 0
s8/Image/img00987.bmp 580 444 1050 907 0
s8/Image/img00988.bmp 580 460 1046 920 0
s8/Image/img00989.bmp 579 450 1045 910 0
s8/Image/img00990.bmp 588 455 1056 915 0
s8/Image/img00991.bmp 601 467 1058 919 0
s8/Image/img00992.bmp 594 456 1064 919 0
s8/Image/img00993.bmp 594 439 1064 902 0
s8/Image/img00994.bmp 595 448 1059 913 0
s8/Image/img00995.bmp 591 453 1052 916 0
s8/Image/img00996.bmp 592 446 1050 906 0
s8/Image/img00997.bmp 587 440 1051 903 0
s8/Image/img00998.bmp 618 456 1079 919 0
s8/Image/img00999.bmp 605 460 1075 923 0
s8/Image/img01000.bmp 595 465 1065 928 0
s8/Image/img01001.bmp 614 465 1083 928 0
s8/Image/img01002.bmp 608 451 1078 917 0
s8/Image/img01003.bmp 619 447 1091 912 0
s8/Image/img01004.bmp 627 444 1094 907 0
s8/Image/img01005.bmp 630 432 1095 892 0
s8/Image/img01006.bmp 641 447 1094 907 0
s8/Image/img01007.bmp 624 505 1094 972 0
s8/Image/img01008.bmp 601 484 1071 947 0
s8/Image/img01009.bmp 600 483 1070 946 0
s8/Image/img01010.bmp 623 467 1089 930 0
s8/Image/img01011.bmp 631 463 1095 918 0
s8/Image/img01012.bmp 624 454 1080 911 0
s8/Image/img01013.bmp 617 481 1087 944 0
s8/Image/img01014.bmp 621 503 1091 966 0
s8/Image/img01015.bmp 620 484 1081 958 0
s8/Image/img01016.bmp 611 432 1075 885 0
s8/Image/img01017.bmp 605 428 1068 891 0
s8/Image/img01018.bmp 593 422 1057 879 0
s8/Image/img01019.bmp 579 422 1044 885 0
s8/Image/img01020.bmp 618 433 1079 894 0
s8/Image/img01021.bmp 638 435 1103 901 0
s8/Image/img01022.bmp 606 425 1076 882 0
s8/Image/img01023.bmp 596 421 1066 880 0
s8/Image/img01024.bmp 590 418 1044 858 0
s8/Image/img01025.bmp 594 406 1063 869 0
s8/Image/img01026.bmp 593 416 1063 879 0
s8/Image/img01027.bmp 584 409 1054 867 0
s8/Image/img01028.bmp 623 418 1093 869 0
s8/Image/img01029.bmp 619 456 1086 915 0
s8/Image/img01030.bmp 628 453 1096 912 0
s8/Image/img01031.bmp 598 454 1059 915 0
s8/Image/img01032.bmp 585 469 1049 914 0
s8/Image/img01033.bmp 591 462 1052 912 0
s8/Image/img01034.bmp 599 554 1067 1015 0
s8/Image/img01035.bmp 613 541 1076 1001 0
s8/Image/img01036.bmp 607 523 1070 985 0
s8/Image/img01037.bmp 627 544 1085 1000 0
s8/Image/img01038.bmp 636 516 1103 946 0
s8/Image/img01039.bmp 635 514 1105 977 0
s8/Image/img01040.bmp 631 480 1099 927 0
s8/Image/img01041.bmp 633 494 1101 951 0
s8/Image/img01042.bmp 623 482 1090 930 0
s8/Image/img01043.bmp 625 467 1091 921 0
s8/Image/img01044.bmp 626 477 1086 924 0
s8/Image/img01045.bmp 639 502 1109 949 0
s8/Image/img01046.bmp 628 486 1096 936 0
s8/Image/img01047.bmp 643 491 1113 948 0
s8/Image/img01048.bmp 643 502 1110 949 0
s8/Image/img01049.bmp 645 421 1113 872 0
s8/Image/img01050.bmp 644 461 1109 918 0
s8/Image/img01051.bmp 643 471 1110 916 0
s8/Image/img01052.bmp 640 469 1108 917 0
s8/Image/img01053.bmp 641 463 1111 922 0
s8/Image/img01054.bmp 658 462 1126 923 0
s8/Image/img01055.bmp 663 467 1129 929 0
s8/Image/img01056.bmp 663 478 1130 939 0
s8/Image/img01057.bmp 659 508 1129 971 0
s8/Image/img01058.bmp 644 528 1114 991 0
s8/Image/img01059.bmp 635 532 1105 995 0
s8/Image/img01060.bmp 653 468 1114 931 0
s8/Image/img01061.bmp 650 473 1118 933 0
s8/Image/img01062.bmp 660 478 1126 937 0
s8/Image/img01063.bmp 658 473 1128 930 0
s8/Image/img01064.bmp 675 473 1142 934 0
s8/Image/img01065.bmp 697 500 1164 944 0
s8/Image/img01066.bmp 669 454 1139 917 0
s8/Image/img01067.bmp 627 453 1097 916 0
s8/Image/img01068.bmp 629 454 1091 913 0
s8/Image/img01069.bmp 669 466 1129 921 0
s8/Image/img01070.bmp 677 476 1142 929 0
s8/Image/img01071.bmp 680 486 1145 933 0
s8/Image/img01072.bmp 666 473 1134 929 0
s8/Image/img01073.bmp 668 476 1138 933 0
s8/Image/img01074.bmp 661 489 1129 944 0
s8/Image/img01075.bmp 663 490 1133 953 0
s8/Image/img01076.bmp 659 487 1129 950 0
s8/Image/img01077.bmp 663 501 1131 962 0
s8/Image/img01078.bmp 662 500 1132 963 0
s8/Image/img01079.bmp 670 490 1137 951 0
s8/Image/img01080.bmp 658 491 1126 949 0
s8/Image/img01081.bmp 669 498 1139 961 0
s8/Image/img01082.bmp 668 487 1138 944 0
s8/Image/img01083.bmp 681 492 1149 952 0
s8/Image/img01084.bmp 658 494 1126 953 0
s8/Image/img01085.bmp 672 493 1140 950 0
s8/Image/img01086.bmp 663 485 1126 940 0
s8/Image/img01087.bmp 637 473 1105 933 0
s8/Image/img01088.bmp 644 462 1112 922 0
s8/Image/img01089.bmp 658 463 1125 920 0
s8/Image/img01090.bmp 654 470 1125 933 0
s8/Image/img01091.bmp 664 501 1132 959 0
s8/Image/img01092.bmp 663 492 1132 953 0
s8/Image/img01093.bmp 649 494 1116 953 0
s8/Image/img01094.bmp 653 494 1123 957 0
s8/Image/img01095.bmp 650 491 1118 947 0
s8/Image/img01096.bmp 633 494 1103 953 0
s8/Image/img01097.bmp 638 491 1109 954 0
s8/Image/img01098.bmp 635 494 1100 955 0
s8/Image/img01099.bmp 635 478 1102 936 0
s8/Image/img01100.bmp 641 493 1109 943 0
s8/Image/img01101.bmp 636 498 1103 958 0
s8/Image/img01102.bmp 628 488 1094 952 0
s8/Image/img01103.bmp 630 487 1100 947 0
s8/Image/img01104.bmp 632 493 1102 956 0
s8/Image/img01105.bmp 625 491 1093 951 0
s8/Image/img01106.bmp 626 490 1096 953 0
s8/Image/img01107.bmp 638 484 1105 945 0
s8/Image/img01108.bmp 643 484 1113 947 0
s8/Image/img01109.bmp 628 491 1094 954 0
s8/Image/img01110.bmp 630 485 1094 945 0
s8/Image/img01111.bmp 633 473 1103 938 0
s8/Image/img01112.bmp 629 472 1099 934 0
s8/Image/img01113.bmp 609 481 1077 947 0
s8/Image/img01114.bmp 600 476 1067 940 0
s8/Image/img01115.bmp 605 477 1072 940 0
s8/Image/img01116.bmp 602 468 1070 931 0
s8/Image/img01117.bmp 608 476 1075 936 0
s8/Image/img01118.bmp 597 471 1065 931 0
s8/Image/img01119.bmp 610 481 1076 949 0
s8/Image/img01120.bmp 607 474 1073 939 0
s8/Image/img01121.bmp 604 472 1070 935 0
s8/Image/img01122.bmp 613 474 1083 947 0
s8/Image/img01123.bmp 625 482 1090 946 0
s8/Image/img01124.bmp 619 477 1076 937 0
s8/Image/img01125.bmp 624 474 1094 937 0
s8/Image/img01126.bmp 621 483 1088 946 0
s8/Image/img01127.bmp 619 471 1086 934 0
s8/Image/img01128.bmp 627 481 1091 943 0
s8/Image/img01129.bmp 624 466 1094 932 0
s8/Image/img01130.bmp 626 466 1095 932 0
s8/Image/img01131.bmp 611 465 1081 925 0
s8/Image/img01132.bmp 611 462 1081 925 0
s8/Image/img01133.bmp 605 464 1075 927 0
s8/Image/img01134.bmp 606 465 1074 928 0
s8/Image/img01135.bmp 605 470 1075 933 0
s8/Image/img01136.bmp 615 458 1085 921 0
s8/Image/img01137.bmp 630 477 1096 940 0
s8/Image/img01138.bmp 617 478 1070 937 0
s8/Image/img01139.bmp 630 441 1097 901 0
s8/Image/img01140.bmp 624 459 1089 915 0
s8/Image/img01141.bmp 622 461 1090 924 0
s8/Image/img01142.bmp 621 454 1089 914 0
s8/Image/img01143.bmp 621 463 1089 924 0
s8/Image/img01144.bmp 618 468 1088 928 0
s8/Image/img01145.bmp 621 465 1089 925 0
s8/Image/img01146.bmp 624 466 1094 926 0
s8/Image/img01147.bmp 632 469 1100 929 0
s8/Image/img01148.bmp 628 457 1097 918 0
s8/Image/img01149.bmp 627 463 1095 922 0
s8/Image/img01150.bmp 631 462 1101 922 0
s8/Image/img01151.bmp 631 464 1101 926 0
s8/Image/img01152.bmp 632 463 1102 926 0
s8/Image/img01153.bmp 631 478 1101 941 0
s8/Image/img01154.bmp 629 478 1097 938 0
s8/Image/img01155.bmp 635 463 1103 923 0
s8/Image/img01156.bmp 632 467 1102 930 0
s8/Image/img01157.bmp 631 472 1102 933 0
s8/Image/img01158.bmp 629 452 1099 915 0
s8/Image/img01159.bmp 629 450 1096 910 0
s8/Image/img01160.bmp 631 466 1097 927 0
s8/Image/img01161.bmp 628 459 1098 918 0
s8/Image/img01162.bmp 634 458 1099 917 0
s8/Image/img01163.bmp 633 473 1103 936 0
s8/Image/img01164.bmp 628 442 1096 903 0
s8/Image/img01165.bmp 631 459 1101 924 0
s8/Image/img01166.bmp 618 488 1088 951 0
s8/Image/img01167.bmp 598 519 1068 982 0
s8/Image/img01168.bmp 616 486 1086 949 0
s8/Image/img01169.bmp 628 488 1098 953 0
s8/Image/img01170.bmp 629 488 1097 951 0
s8/Image/img01171.bmp 631 471 1101 931 0
s8/Image/img01172.bmp 611 467 1081 930 0
s8/Image/img01173.bmp 614 469 1083 930 0
s8/Image/img01174.bmp 650 494 1120 955 0
s8/Image/img01175.bmp 553 466 1023 929 0
s8/Image/img01176.bmp 557 483 1025 945 0
s8/Image/img01177.bmp 629 487 1097 943 0
s8/Image/img01178.bmp 632 489 1102 952 0
s8/Image/img01179.bmp 631 490 1098 951 0
s8/Image/img01180.bmp 630 490 1098 950 0
s8/Image/img01181.bmp 580 487 1050 950 0
s8/Image/img01182.bmp 590 498 1060 961 0
s8/Image/img01183.bmp 635 497 1105 960 0
s8/Image/img01184.bmp 601 504 1057 962 0
s8/Image/img01185.bmp 600 510 1056 962 0
s8/Image/img01186.bmp 625 504 1096 963 0
s8/Image/img01187.bmp 630 475 1098 933 0
s8/Image/img01188.bmp 632 500 1100 961 0
s8/Image/img01189.bmp 634 510 1102 971 0
s8/Image/img01190.bmp 639 498 1100 961 0
s8/Image/img01191.bmp 639 504 1106 965 0
s8/Image/img01192.bmp 644 512 1113 970 0
s8/Image/img01193.bmp 659 509 1127 969 0
s8/Image/img01194.bmp 644 511 1113 971 0
s8/Image/img01195.bmp 640 542 1108 1001 0
s8/Image/img01196.bmp 658 523 1127 986 0
s8/Image/img01197.bmp 658 520 1123 978 0
s8/Image/img01198.bmp 665 511 1129 962 0
s8/Image/img01199.bmp 675 504 1136 954 0
s8/Image/img01200.bmp 670 499 1128 953 0
s8/Image/img01201.bmp 658 475 1123 936 0
s8/Image/img01202.bmp 691 525 1157 973 0
s8/Image/img01203.bmp 698 528 1168 976 0
s8/Image/img01204.bmp 670 501 1131 954 0
s8/Image/img01205.bmp 675 480 1141 936 0
s8/Image/img01206.bmp 677 489 1146 939 0
s8/Image/img01207.bmp 705 502 1175 961 0
s8/Image/img01208.bmp 740 495 1207 957 0
s8/Image/img01209.bmp 683 492 1152 951 0
s8/Image/img01210.bmp 672 490 1137 941 0
s8/Image/img01211.bmp 670 472 1137 921 0
s8/Image/img01212.bmp 661 482 1130 942 0
s8/Image/img01213.bmp 669 496 1136 943 0
s8/Image/img01214.bmp 680 478 1146 935 0
s8/Image/img01215.bmp 685 474 1150 925 0
s8/Image/img01216.bmp 715 478 1182 930 0
s8/Image/img01217.bmp 680 482 1141 933 0
s8/Image/img01218.bmp 644 488 1112 942 0
s8/Image/img01219.bmp 682 469 1146 925 0
s8/Image/img01220.bmp 687 467 1154 916 0
s8/Image/img01221.bmp 718 451 1187 912 0
s8/Image/img01222.bmp 673 484 1140 941 0
s8/Image/img01223.bmp 695 490 1164 949 0
s8/Image/img01224.bmp 687 475 1156 938 0
s8/Image/img01225.bmp 731 461 1200 924 0
s8/Image/img01226.bmp 711 484 1177 942 0
s8/Image/img01227.bmp 709 507 1174 964 0
s8/Image/img01228.bmp 709 481 1178 943 0
s8/Image/img01229.bmp 740 417 1207 877 0
s8/Image/img01230.bmp 724 451 1193 914 0
s8/Image/img01231.bmp 718 480 1184 936 0
s8/Image/img01232.bmp 723 471 1192 934 0
s8/Image/img01233.bmp 750 408 1219 871 0
s8/Image/img01234.bmp 748 468 1217 931 0
s8/Image/img01235.bmp 749 424 1218 887 0
s8/Image/img01236.bmp 728 450 1194 901 0
s8/Image/img01237.bmp 742 465 1209 923 0
s8/Image/img01238.bmp 730 465 1200 924 0
s8/Image/img01239.bmp 747 473 1210 929 0
s8/Image/img01240.bmp 740 477 1207 938 0
s8/Image/img01241.bmp 748 478 1215 939 0
s8/Image/img01242.bmp 707 474 1176 937 0
s8/Image/img01243.bmp 714 500 1183 963 0
s8/Image/img01244.bmp 697 482 1163 944 0
s8/Image/img01245.bmp 697 475 1166 936 0
s8/Image/img01246.bmp 699 474 1164 933 0
s8/Image/img01247.bmp 699 477 1165 937 0
s8/Image/img01248.bmp 717 460 1182 918 0
s8/Image/img01249.bmp 740 426 1204 877 0
s8/Image/img01250.bmp 718 418 1184 877 0
s8/Image/img01251.bmp 725 442 1191 902 0
s8/Image/img01252.bmp 728 442 1197 903 0
s8/Image/img01253.bmp 695 455 1160 912 0
s8/Image/img01254.bmp 699 464 1168 927 0
s8/Image/img01255.bmp 696 446 1165 904 0
s8/Image/img01256.bmp 721 425 1189 883 0
s8/Image/img01257.bmp 711 431 1180 890 0
s8/Image/img01258.bmp 715 451 1184 914 0
s8/Image/img01259.bmp 723 456 1191 919 0
s8/Image/img01260.bmp 702 444 1171 905 0
s8/Image/img01261.bmp 712 456 1181 919 0
s8/Image/img01262.bmp 686 456 1155 919 0
s8/Image/img01263.bmp 692 465 1159 928 0
s8/Image/img01264.bmp 713 467 1180 928 0
s8/Image/img01265.bmp 721 473 1189 936 0
s8/Image/img01266.bmp 739 468 1208 931 0
s8/Image/img01267.bmp 748 388 1217 851 0
s8/Image/img01268.bmp 736 435 1203 896 0
s8/Image/img01269.bmp 724 427 1193 890 0
s8/Image/img01270.bmp 703 463 1172 926 0
s8/Image/img01271.bmp 703 465 1170 925 0
s8/Image/img01272.bmp 671 438 1138 898 0
s8/Image/img01273.bmp 700 411 1169 874 0
s8/Image/img01274.bmp 702 460 1172 918 0
s8/Image/img01275.bmp 700 447 1169 908 0
s8/Image/img01276.bmp 699 449 1166 909 0
s8/Image/img01277.bmp 702 445 1168 911 0
s8/Image/img01278.bmp 682 445 1146 904 0
s8/Image/img01279.bmp 704 454 1173 910 0
s8/Image/img01280.bmp 711 431 1182 886 0
s8/Image/img01281.bmp 709 431 1178 894 0
s8/Image/img01282.bmp 714 412 1181 873 0
s8/Image/img01283.bmp 700 434 1167 893 0
s8/Image/img01284.bmp 708 401 1174 857 0
s8/Image/img01285.bmp 709 411 1175 870 0
s8/Image/img01286.bmp 737 429 1203 885 0
s8/Image/img01287.bmp 754 426 1223 889 0
s8/Image/img01288.bmp 764 421 1228 873 0
s8/Image/img01289.bmp 743 435 1209 893 0
s8/Image/img01290.bmp 741 436 1210 899 0
s8/Image/img01291.bmp 734 439 1201 893 0
s8/Image/img01292.bmp 712 445 1181 908 0
s8/Image/img01293.bmp 737 450 1204 912 0
s8/Image/img01294.bmp 745 442 1214 902 0
s8/Image/img01295.bmp 749 454 1218 914 0
s8/Image/img01296.bmp 746 452 1215 913 0
s8/Image/img01297.bmp 746 430 1215 890 0
s8/Image/img01298.bmp 736 437 1205 895 0
s8/Image/img01299.bmp 737 454 1206 914 0
s8/Image/img01300.bmp 751 444 1220 902 0
s8/Image/img01301.bmp 724 417 1193 880 0
s8/Image/img01302.bmp 727 414 1196 877 0
s8/Image/img01303.bmp 759 420 1228 883 0
s8/Image/img01304.bmp 762 422 1231 885 0
s8/Image/img01305.bmp 760 422 1229 885 0
s8/Image/img01306.bmp 751 456 1220 919 0
s8/Image/img01307.bmp 751 437 1220 898 0
s8/Image/img01308.bmp 747 415 1216 874 0
s8/Image/img01309.bmp 764 438 1233 897 0
s8/Image/img01310.bmp 765 450 1234 913 0
s8/Image/img01311.bmp 784 443 1253 906 0
s8/Image/img01312.bmp 797 447 1266 910 0
s8/Image/img01313.bmp 800 436 1269 899 0
s8/Image/img01314.bmp 797 406 1266 869 0
s8/Image/img01315.bmp 797 427 1266 887 0
s8/Image/img01316.bmp 783 413 1252 873 0
s8/Image/img01317.bmp 754 418 1219 878 0
s8/Image/img01318.bmp 814 426 1283 889 0
s8/Image/img01319.bmp 818 435 1287 898 0
s8/Image/img01320.bmp 833 433 1302 896 0
s8/Image/img01321.bmp 829 437 1298 897 0
s8/Image/img01322.bmp 832 432 1301 893 0
s8/Image/img01323.bmp 836 439 1305 900 0
s8/Image/img01324.bmp 837 439 1306 900 0
s8/Image/img01325.bmp 830 433 1299 894 0
s8/Image/img01326.bmp 836 442 1305 905 0
s8/Image/img01327.bmp 835 432 1304 893 0
s8/Image/img01328.bmp 841 428 1310 891 0
s8/Image/img01329.bmp 850 430 1319 889 0
s8/Image/img01330.bmp 849 421 1319 882 0
s8/Image/img01331.bmp 841 428 1310 891 0
s8/Image/img01332.bmp 844 429 1313 890 0
s8/Image/img01333.bmp 845 421 1314 884 0
s8/Image/img01334.bmp 846 414 1315 877 0
s8/Image/img01335.bmp 848 418 1317 881 0
s8/Image/img01336.bmp 849 418 1318 881 0
s8/Image/img01337.bmp 848 417 1317 880 0
s8/Image/img01338.bmp 844 416 1313 877 0
s8/Image/img01339.bmp 843 416 1310 879 0
s8/Image/img01340.bmp 849 436 1318 899 0
s8/Image/img01341.bmp 824 429 1291 888 0
s8/Image/img01342.bmp 835 434 1300 897 0
s8/Image/img01343.bmp 851 433 1320 896 0
s8/Image/img01344.bmp 821 427 1293 893 0
s8/Image/img01345.bmp 840 433 1309 896 0
s8/Image/img01346.bmp 842 434 1311 897 0
s8/Image/img01347.bmp 841 434 1310 897 0
s8/Image/img01348.bmp 840 434 1309 897 0
s8/Image/img01349.bmp 839 434 1308 897 0
s8/Image/img01350.bmp 854 439 1321 902 0
s8/Image/img01351.bmp 839 435 1308 898 0
s8/Image/img01352.bmp 838 435 1307 898 0
s8/Image/img01353.bmp 838 423 1306 885 0
s8/Image/img01354.bmp 849 435 1318 887 0
s8/Image/img01355.bmp 835 439 1304 894 0
s8/Image/img01356.bmp 742 418 1211 881 0
s8/Image/img01357.bmp 734 433 1203 890 0
s8/Image/img01358.bmp 725 430 1194 893 0
s8/Image/img01359.bmp 730 427 1199 889 0
s8/Image/img01360.bmp 720 424 1189 884 0
s8/Image/img01361.bmp 728 428 1197 889 0
s8/Image/img01362.bmp 720 422 1187 882 0
s8/Image/img01363.bmp 731 422 1198 880 0
s8/Image/img01364.bmp 730 416 1199 874 0
s8/Image/img01365.bmp 728 417 1194 875 0
s8/Image/img01366.bmp 722 426 1191 889 0
s8/Image/img01367.bmp 741 420 1204 877 0
s8/Image/img01368.bmp 743 428 1209 877 0
s8/Image/img01369.bmp 754 412 1217 867 0
s8/Image/img01370.bmp 756 425 1223 883 0
s8/Image/img01371.bmp 775 426 1236 879 0
s8/Image/img01372.bmp 768 419 1235 878 0
s8/Image/img01373.bmp 760 416 1227 876 0
s8/Image/img01374.bmp 761 420 1224 878 0
s8/Image/img01375.bmp 755 416 1222 874 0
s8/Image/img01376.bmp 751 419 1215 877 0
s8/Image/img01377.bmp 752 415 1218 873 0
s8/Image/img01378.bmp 756 408 1218 862 0
s8/Image/img01379.bmp 750 409 1215 868 0
s8/Image/img01380.bmp 754 422 1222 881 0
s8/Image/img01381.bmp 776 409 1246 875 0
s8/Image/img01382.bmp 777 427 1244 888 0
s8/Image/img01383.bmp 738 427 1207 887 0
s8/Image/img01384.bmp 726 416 1191 881 0
s8/Image/img01385.bmp 719 414 1186 878 0
s8/Image/img01386.bmp 724 428 1190 891 0
s8/Image/img01387.bmp 717 430 1186 893 0
s8/Image/img01388.bmp 724 417 1188 876 0
s8/Image/img01389.bmp 720 426 1186 886 0
s8/Image/img01390.bmp 731 423 1198 886 0
s8/Image/img01391.bmp 724 416 1189 878 0
s8/Image/img01392.bmp 708 424 1175 885 0
s8/Image/img01393.bmp 721 419 1185 878 0
s8/Image/img01394.bmp 718 418 1181 877 0
s8/Image/img01395.bmp 714 418 1174 875 0
s8/Image/img01396.bmp 718 416 1187 879 0
s8/Image/img01397.bmp 707 419 1169 880 0
s8/Image/img01398.bmp 713 411 1171 868 0
s8/Image/img01399.bmp 712 414 1173 871 0
s8/Image/img01400.bmp 709 422 1169 879 0
s8/Image/img01401.bmp 697 427 1159 882 0
s8/Image/img01402.bmp 707 416 1171 876 0
s8/Image/img01403.bmp 725 417 1190 875 0
s8/Image/img01404.bmp 722 401 1186 859 0
