s4/Image/img00093.bmp 865 398 1484 997 0
s4/Image/img00094.bmp 866 392 1482 998 0
s4/Image/img00095.bmp 873 391 1488 1002 0
s4/Image/img00096.bmp 866 407 1481 1009 0
s4/Image/img00097.bmp 875 404 1493 1000 0
s4/Image/img00098.bmp 866 401 1483 999 0
s4/Image/img00099.bmp 877 405 1491 1003 0
s4/Image/img00100.bmp 879 395 1496 995 0
s4/Image/img00101.bmp 880 396 1493 998 0
s4/Image/img00102.bmp 850 412 1466 1005 0
s4/Image/img00103.bmp 885 401 1490 1003 0
s4/Image/img00104.bmp 877 400 1488 1000 0
s4/Image/img00105.bmp 881 404 1494 991 0
s4/Image/img00106.bmp 859 401 1475 999 0
s4/Image/img00107.bmp 846 417 1478 1022 0
s4/Image/img00108.bmp 886 405 1504 1011 0
s4/Image/img00109.bmp 855 404 1474 1009 0
s4/Image/img00110.bmp 838 405 1459 1011 0
s4/Image/img00111.bmp 849 378 1467 987 0
s4/Image/img00112.bmp 848 392 1466 998 0
s4/Image/img00113.bmp 870 387 1489 991 0
s4/Image/img00114.bmp 871 387 1491 993 0
s4/Image/img00115.bmp 863 391 1480 995 0
s4/Image/img00116.bmp 841 393 1462 1006 0
s4/Image/img00117.bmp 833 394 1445 1008 0
s4/Image/img00118.bmp 814 410 1420 1018 0
s4/Image/img00119.bmp 970 419 1560 1027 0
s4/Image/img00120.bmp 866 410 1484 1025 0
s4/Image/img00121.bmp 867 412 1477 1010 0
s4/Image/img00122.bmp 831 387 1451 991 0
s4/Image/img00123.bmp 827 392 1446 998 0
s4/Image/img00124.bmp 800 381 1422 989 0
s4/Image/img00125.bmp 840 395 1459 1000 0
s4/Image/img00126.bmp 834 404 1454 1010 0
s4/Image/img00127.bmp 861 407 1479 1012 0
s4/Image/img00128.bmp 841 401 1460 1006 0
s4/Image/img00129.bmp 825 412 1444 1023 0
s4/Image/img00130.bmp 823 420 1450 1025 0
s4/Image/img00131.bmp 835 409 1457 1007 0
s4/Image/img00132.bmp 847 409 1467 1006 0
s4/Image/img00133.bmp 869 395 1488 998 0
s4/Image/img00134.bmp 858 402 1476 1006 0
s4/Image/img00135.bmp 856 403 1475 1007 0
s4/Image/img00136.bmp 851 400 1464 1001 0
s4/Image/img00137.bmp 854 398 1465 1000 0
s4/Image/img00138.bmp 850 402 1458 1004 0
s4/Image/img00139.bmp 839 417 1455 1022 0
s4/Image/img00140.bmp 832 412 1448 1025 0
s4/Image/img00141.bmp 821 418 1446 1017 0
s4/Image/img00142.bmp 827 409 1447 1010 0
s4/Image/img00143.bmp 855 416 1486 1013 0
s4/Image/img00144.bmp 831 410 1463 1024 0
s4/Image/img00145.bmp 851 412 1464 1006 0
s4/Image/img00146.bmp 823 407 1427 1011 0
s4/Image/img00147.bmp 819 424 1423 1022 0
s4/Image/img00148.bmp 804 428 1396 1012 0
s4/Image/img00149.bmp 808 429 1398 1023 0
s4/Image/img00150.bmp 795 438 1404 1017 0
s4/Image/img00151.bmp 759 420 1351 1011 0
s4/Image/img00152.bmp 715 408 1321 1005 0
s4/Image/img00153.bmp 728 401 1321 997 0
s4/Image/img00154.bmp 737 402 1328 990 0
s4/Image/img00155.bmp 732 407 1312 992 0
s4/Image/img00156.bmp 737 412 1317 998 0
s4/Image/img00157.bmp 742 401 1314 993 0
s4/Image/img00158.bmp 744 406 1332 996 0
s4/Image/img00159.bmp 717 420 1314 1007 0
s4/Image/img00160.bmp 725 400 1307 998 0
s4/Image/img00161.bmp 719 404 1323 1015 0
s4/Image/img00162.bmp 745 409 1346 1004 0
s4/Image/img00163.bmp 758 387 1382 987 0
s4/Image/img00164.bmp 812 423 1427 1023 0
s4/Image/img00165.bmp 811 416 1435 1021 0
s4/Image/img00166.bmp 828 419 1456 1011 0
s4/Image/img00167.bmp 813 420 1444 1019 0
s4/Image/img00168.bmp 816 398 1444 1005 0
s4/Image/img00169.bmp 818 397 1446 1007 0
s4/Image/img00170.bmp 810 413 1440 1013 0
s4/Image/img00171.bmp 810 398 1437 1019 0
s4/Image/img00172.bmp 840 402 1467 1013 0
s4/Image/img00173.bmp 838 406 1462 1015 0
s4/Image/img00174.bmp 858 402 1487 1006 0
s4/Image/img00175.bmp 865 409 1479 1012 0
s4/Image/img00176.bmp 842 405 1459 1007 0
s4/Image/img00177.bmp 827 400 1449 999 0
s4/Image/img00178.bmp 827 410 1441 1013 0
s4/Image/img00179.bmp 854 414 1471 1013 0
s4/Image/img00180.bmp 860 417 1484 1017 0
s4/Image/img00181.bmp 857 420 1475 1020 0
s4/Image/img00182.bmp 861 413 1476 1009 0
s4/Image/img00183.bmp 852 420 1479 1018 0
s4/Image/img00184.bmp 860 444 1477 1034 0
s4/Image/img00185.bmp 825 426 1441 1027 0
s4/Image/img00186.bmp 788 434 1408 1033 0
s4/Image/img00187.bmp 777 423 1401 1024 0
s4/Image/img00188.bmp 829 429 1446 1028 0
s4/Image/img00189.bmp 829 421 1447 1017 0
s4/Image/img00190.bmp 818 413 1437 1017 0
s4/Image/img00191.bmp 810 417 1425 1014 0
s4/Image/img00192.bmp 800 409 1424 1021 0
s4/Image/img00193.bmp 816 407 1439 1018 0
s4/Image/img00194.bmp 816 432 1430 1041 0
s4/Image/img00195.bmp 814 422 1437 1026 0
s4/Image/img00196.bmp 820 425 1444 1038 0
s4/Image/img00197.bmp 406 486 1030 1103 0
s4/Image/img00198.bmp 274 436 901 1038 0
s4/Image/img00199.bmp 624 484 1249 1095 0
s4/Image/img00199.bmp 623 482 1247 1093 0
s4/Image/img00200.bmp 683 468 1305 1077 0
s4/Image/img00201.bmp 721 475 1346 1084 0
s4/Image/img00202.bmp 727 433 1349 1037 0
s4/Image/img00203.bmp 736 417 1360 1026 0
s4/Image/img00204.bmp 758 421 1378 1027 0
s4/Image/img00205.bmp 784 409 1405 1019 0
s4/Image/img00206.bmp 791 422 1412 1028 0
s4/Image/img00207.bmp 774 421 1395 1021 0
s4/Image/img00208.bmp 684 371 1302 976 0
s4/Image/img00209.bmp 805 409 1429 1015 0
s4/Image/img00210.bmp 826 402 1449 1011 0
s4/Image/img00211.bmp 831 396 1450 1008 0
s4/Image/img00212.bmp 796 396 1421 1000 0
s4/Image/img00213.bmp 810 387 1433 990 0
s4/Image/img00214.bmp 793 382 1416 989 0
s4/Image/img00215.bmp 781 380 1406 983 0
s4/Image/img00216.bmp 811 376 1431 984 0
s4/Image/img00217.bmp 802 382 1421 994 0
s4/Image/img00218.bmp 824 360 1427 964 0
s4/Image/img00219.bmp 828 360 1436 963 0
s4/Image/img00220.bmp 858 386 1476 999 0
s4/Image/img00221.bmp 826 386 1450 997 0
s4/Image/img00222.bmp 856 384 1458 994 0
s4/Image/img00223.bmp 872 389 1483 999 0
s4/Image/img00224.bmp 862 359 1477 969 0
s4/Image/img00225.bmp 883 386 1490 992 0
s4/Image/img00226.bmp 909 392 1518 998 0
s4/Image/img00227.bmp 947 393 1557 999 0
s4/Image/img00228.bmp 908 368 1557 1031 0
s4/Image/img00229.bmp 955 405 1561 1012 0
s4/Image/img00230.bmp 957 402 1560 1002 0
s4/Image/img00231.bmp 953 413 1562 1025 0
s4/Image/img00232.bmp 959 393 1569 999 0
s4/Image/img00233.bmp 971 398 1579 1003 0
s4/Image/img00234.bmp 944 407 1546 1011 0
s4/Image/img00235.bmp 964 398 1572 1003 0
s4/Image/img00236.bmp 940 414 1546 1018 0
s4/Image/img00237.bmp 926 392 1525 1000 0
s4/Image/img00238.bmp 973 399 1580 1006 0
s4/Image/img00239.bmp 970 414 1578 1021 0
s4/Image/img00240.bmp 966 395 1566 1002 0
s4/Image/img00241.bmp 971 404 1575 1015 0
s4/Image/img00242.bmp 994 400 1601 1008 0
s4/Image/img00243.bmp 997 395 1603 1004 0
s4/Image/img00244.bmp 966 400 1580 1015 0
s4/Image/img00245.bmp 961 384 1572 990 0
s4/Image/img00246.bmp 978 387 1585 993 0
s4/Image/img00247.bmp 977 399 1584 1004 0
s4/Image/img00248.bmp 1019 400 1621 1007 0
s4/Image/img00249.bmp 1069 400 1673 1009 0
s4/Image/img00250.bmp 1057 380 1662 988 0
s4/Image/img00251.bmp 1059 388 1664 992 0
s4/Image/img00252.bmp 1041 393 1647 1005 0
s4/Image/img00253.bmp 1052 375 1657 981 0
s4/Image/img00254.bmp 1057 384 1666 993 0
s4/Image/img00255.bmp 1061 411 1663 1015 0
s4/Image/img00256.bmp 1055 400 1662 1008 0
s4/Image/img00257.bmp 1054 406 1659 1018 0
s4/Image/img00258.bmp 1048 403 1650 1014 0
s4/Image/img00259.bmp 1057 403 1668 1013 0
s4/Image/img00260.bmp 1050 414 1653 1025 0
s4/Image/img00261.bmp 1069 403 1674 1010 0
s4/Image/img00262.bmp 1032 404 1633 1014 0
s4/Image/img00263.bmp 944 386 1548 993 0
s4/Image/img00264.bmp 832 363 1438 970 0
s4/Image/img00265.bmp 826 362 1429 948 0
s4/Image/img00266.bmp 823 362 1430 962 0
s4/Image/img00267.bmp 831 365 1437 969 0
s4/Image/img00268.bmp 822 377 1427 987 0
s4/Image/img00269.bmp 826 364 1433 972 0
s4/Image/img00270.bmp 834 373 1438 973 0
s4/Image/img00271.bmp 827 373 1422 972 0
s4/Image/img00272.bmp 830 365 1434 964 0
s4/Image/img00273.bmp 796 392 1398 973 0
s4/Image/img00274.bmp 804 397 1414 1002 0
s4/Image/img00275.bmp 835 377 1441 978 0
s4/Image/img00276.bmp 823 391 1430 983 0
s4/Image/img00277.bmp 816 381 1426 981 0
s4/Image/img00278.bmp 821 376 1428 975 0
s4/Image/img00279.bmp 837 368 1444 971 0
s4/Image/img00280.bmp 833 365 1446 976 0
s4/Image/img00281.bmp 816 377 1422 988 0
s4/Image/img00282.bmp 844 367 1450 973 0
s4/Image/img00283.bmp 823 386 1433 996 0
s4/Image/img00284.bmp 834 374 1444 983 0
s4/Image/img00285.bmp 843 382 1450 983 0
s4/Image/img00286.bmp 797 384 1403 994 0
s4/Image/img00287.bmp 855 370 1459 979 0
s4/Image/img00288.bmp 817 383 1421 973 0
s4/Image/img00289.bmp 801 384 1409 970 0
s4/Image/img00290.bmp 800 369 1402 949 0
s4/Image/img00291.bmp 795 383 1399 971 0
s4/Image/img00292.bmp 817 378 1421 975 0
s4/Image/img00293.bmp 790 387 1395 993 0
s4/Image/img00294.bmp 780 393 1387 986 0
s4/Image/img00295.bmp 812 398 1423 999 0
s4/Image/img00296.bmp 849 368 1450 965 0
s4/Image/img00297.bmp 840 394 1444 1001 0
s4/Image/img00298.bmp 850 389 1451 1010 0
s4/Image/img00299.bmp 859 393 1461 1005 0
s4/Image/img00300.bmp 851 391 1452 990 0
s4/Image/img00301.bmp 866 393 1473 1000 0
s4/Image/img00302.bmp 857 386 1462 987 0
s4/Image/img00303.bmp 849 386 1447 985 0
s4/Image/img00304.bmp 830 383 1435 987 0
s4/Image/img00305.bmp 856 381 1466 990 0
s4/Image/img00306.bmp 875 372 1482 979 0
s4/Image/img00307.bmp 865 372 1472 969 0
s4/Image/img00308.bmp 861 383 1468 983 0
s4/Image/img00309.bmp 862 369 1468 975 0
s4/Image/img00310.bmp 855 375 1449 980 0
s4/Image/img00311.bmp 866 375 1481 971 0
s4/Image/img00312.bmp 862 373 1461 978 0
s4/Image/img00313.bmp 855 385 1461 987 0
s4/Image/img00314.bmp 854 376 1466 975 0
s4/Image/img00315.bmp 837 372 1444 972 0
s4/Image/img00316.bmp 832 359 1448 973 0
s4/Image/img00317.bmp 840 363 1439 958 0
s4/Image/img00318.bmp 848 377 1448 968 0
s4/Image/img00319.bmp 803 387 1411 983 0
s4/Image/img00320.bmp 806 377 1424 966 0
s4/Image/img00321.bmp 803 377 1413 968 0
s4/Image/img00322.bmp 806 375 1406 964 0
s4/Image/img00323.bmp 800 372 1394 958 0
s4/Image/img00324.bmp 806 380 1409 966 0
s4/Image/img00325.bmp 809 375 1412 959 0
s4/Image/img00326.bmp 817 375 1413 961 0
s4/Image/img00327.bmp 838 379 1427 966 0
s4/Image/img00328.bmp 822 386 1408 972 0
s4/Image/img00329.bmp 798 394 1394 993 0
s4/Image/img00330.bmp 806 401 1388 978 0
s4/Image/img00331.bmp 809 390 1392 976 0
s4/Image/img00332.bmp 770 351 1419 1014 0
s4/Image/img00333.bmp 834 380 1439 977 0
s4/Image/img00334.bmp 839 381 1443 976 0
s4/Image/img00335.bmp 841 380 1445 971 0
s4/Image/img00336.bmp 856 372 1461 965 0
s4/Image/img00337.bmp 851 379 1455 984 0
s4/Image/img00338.bmp 843 366 1448 966 0
s4/Image/img00339.bmp 853 364 1462 968 0
s4/Image/img00340.bmp 857 350 1467 957 0
s4/Image/img00341.bmp 871 346 1474 959 0
s4/Image/img00342.bmp 838 353 1448 961 0
s4/Image/img00343.bmp 837 361 1439 962 0
s4/Image/img00344.bmp 836 367 1442 973 0
s4/Image/img00345.bmp 789 382 1397 988 0
s4/Image/img00346.bmp 832 365 1438 970 0
s4/Image/img00347.bmp 843 356 1446 965 0
s4/Image/img00348.bmp 839 364 1439 968 0
s4/Image/img00349.bmp 842 351 1448 962 0
s4/Image/img00350.bmp 867 355 1469 958 0
s4/Image/img00351.bmp 860 367 1462 973 0
s4/Image/img00352.bmp 853 362 1449 967 0
s4/Image/img00353.bmp 841 352 1445 955 0
s4/Image/img00354.bmp 808 347 1411 953 0
s4/Image/img00355.bmp 827 342 1429 946 0
s4/Image/img00356.bmp 818 364 1423 972 0
s4/Image/img00357.bmp 848 359 1449 965 0
s4/Image/img00358.bmp 669 372 1272 978 0
s4/Image/img00359.bmp 526 341 1127 945 0
s4/Image/img00360.bmp 560 327 1160 927 0
s4/Image/img00361.bmp 554 302 1176 912 0
s4/Image/img00362.bmp 596 301 1196 904 0
s4/Image/img00363.bmp 585 297 1187 900 0
s4/Image/img00364.bmp 576 290 1183 895 0
s4/Image/img00365.bmp 581 302 1194 911 0
s4/Image/img00366.bmp 543 295 1150 897 0
s4/Image/img00367.bmp 628 281 1231 887 0
s4/Image/img00368.bmp 617 285 1222 889 0
s4/Image/img00369.bmp 617 287 1222 895 0
s4/Image/img00370.bmp 623 278 1226 885 0
s4/Image/img00371.bmp 620 285 1222 895 0
s4/Image/img00372.bmp 616 282 1223 890 0
s4/Image/img00373.bmp 633 278 1242 882 0
s4/Image/img00374.bmp 627 290 1233 894 0
s4/Image/img00375.bmp 645 287 1247 890 0
s4/Image/img00376.bmp 643 288 1240 876 0
s4/Image/img00377.bmp 628 296 1232 879 0
s4/Image/img00378.bmp 630 276 1225 868 0
s4/Image/img00379.bmp 629 279 1222 873 0
s4/Image/img00380.bmp 615 287 1211 876 0
s4/Image/img00381.bmp 583 254 1181 853 0
s4/Image/img00382.bmp 592 259 1186 853 0
s4/Image/img00383.bmp 610 249 1210 846 0
s4/Image/img00384.bmp 616 230 1218 819 0
s4/Image/img00385.bmp 622 225 1225 826 0
s4/Image/img00386.bmp 669 278 1275 877 0
s4/Image/img00387.bmp 661 251 1264 849 0
s4/Image/img00388.bmp 663 281 1263 881 0
s4/Image/img00389.bmp 618 245 1219 845 0
s4/Image/img00390.bmp 621 224 1222 823 0
s4/Image/img00391.bmp 625 222 1230 820 0
s4/Image/img00392.bmp 621 220 1222 811 0
s4/Image/img00393.bmp 664 248 1266 858 0
s4/Image/img00394.bmp 674 281 1278 886 0
s4/Image/img00395.bmp 668 276 1269 877 0
s4/Image/img00396.bmp 700 276 1306 882 0
s4/Image/img00397.bmp 685 275 1292 882 0
s4/Image/img00398.bmp 672 259 1280 869 0
s4/Image/img00399.bmp 670 266 1278 870 0
s4/Image/img00400.bmp 675 252 1280 856 0
s4/Image/img00401.bmp 672 257 1278 860 0
s4/Image/img00402.bmp 663 264 1270 871 0
s4/Image/img00403.bmp 671 243 1278 845 0
s4/Image/img00404.bmp 681 256 1287 859 0
s4/Image/img00405.bmp 668 256 1275 859 0
s4/Image/img00406.bmp 643 229 1251 834 0
s4/Image/img00407.bmp 657 242 1262 846 0
s4/Image/img00408.bmp 687 247 1296 854 0
s4/Image/img00409.bmp 687 253 1294 858 0
s4/Image/img00410.bmp 675 257 1280 864 0
s4/Image/img00411.bmp 701 266 1307 875 0
s4/Image/img00412.bmp 681 268 1283 876 0
s4/Image/img00413.bmp 675 266 1278 871 0
s4/Image/img00414.bmp 656 261 1254 864 0
s4/Image/img00415.bmp 651 269 1256 873 0
s4/Image/img00416.bmp 742 265 1346 872 0
s4/Image/img00417.bmp 718 252 1327 857 0
s4/Image/img00418.bmp 712 260 1313 863 0
s4/Image/img00419.bmp 705 255 1312 859 0
s4/Image/img00420.bmp 697 249 1305 860 0
s4/Image/img00421.bmp 694 260 1303 866 0
s4/Image/img00422.bmp 721 252 1330 857 0
s4/Image/img00423.bmp 714 259 1318 862 0
s4/Image/img00424.bmp 750 257 1355 859 0
s4/Image/img00425.bmp 743 420 1351 1025 0
s4/Image/img00426.bmp 717 431 1323 1039 0
s4/Image/img00427.bmp 745 425 1352 1028 0
s4/Image/img00428.bmp 755 413 1364 1021 0
s4/Image/img00429.bmp 753 428 1355 1030 0
s4/Image/img00430.bmp 749 430 1350 1027 0
s4/Image/img00431.bmp 788 423 1380 1019 0
s4/Image/img00432.bmp 776 431 1370 1020 0
s4/Image/img00433.bmp 799 413 1394 1015 0
s4/Image/img00434.bmp 810 419 1406 1020 0
s4/Image/img00435.bmp 816 419 1411 1019 0
s4/Image/img00436.bmp 805 398 1404 1009 0
s4/Image/img00437.bmp 779 420 1378 1013 0
s4/Image/img00438.bmp 805 414 1400 1019 0
s4/Image/img00439.bmp 782 400 1389 1011 0
s4/Image/img00440.bmp 796 425 1403 1030 0
s4/Image/img00441.bmp 798 411 1401 1021 0
s4/Image/img00442.bmp 779 408 1390 1017 0
s4/Image/img00443.bmp 751 425 1359 1030 0
s4/Image/img00444.bmp 779 431 1389 1033 0
s4/Image/img00445.bmp 765 428 1375 1032 0
s4/Image/img00446.bmp 751 428 1362 1032 0
s4/Image/img00447.bmp 771 410 1377 1022 0
s4/Image/img00448.bmp 757 421 1368 1025 0
s4/Image/img00449.bmp 764 407 1370 1016 0
s4/Image/img00450.bmp 773 400 1378 1006 0
s4/Image/img00451.bmp 758 395 1367 1007 0
s4/Image/img00452.bmp 718 383 1329 994 0
s4/Image/img00453.bmp 758 391 1367 997 0
s4/Image/img00454.bmp 779 429 1387 1033 0
s4/Image/img00455.bmp 802 428 1411 1031 0
s4/Image/img00456.bmp 802 418 1412 1025 0
s4/Image/img00457.bmp 772 429 1380 1048 0
s4/Image/img00458.bmp 789 422 1395 1026 0
s4/Image/img00459.bmp 788 426 1395 1029 0
s4/Image/img00460.bmp 764 442 1370 1050 0
s4/Image/img00461.bmp 800 436 1405 1035 0
s4/Image/img00462.bmp 773 430 1382 1038 0
s4/Image/img00463.bmp 785 435 1388 1035 0
s4/Image/img00464.bmp 778 415 1385 1028 0
s4/Image/img00465.bmp 795 431 1395 1025 0
s4/Image/img00466.bmp 777 433 1380 1035 0
s4/Image/img00467.bmp 777 429 1378 1029 0
s4/Image/img00468.bmp 787 438 1390 1033 0
s4/Image/img00469.bmp 781 442 1383 1041 0
s4/Image/img00470.bmp 778 408 1383 1025 0
s4/Image/img00471.bmp 772 428 1379 1033 0
s4/Image/img00472.bmp 753 429 1361 1033 0
s4/Image/img00473.bmp 772 431 1383 1032 0
s4/Image/img00474.bmp 757 441 1367 1051 0
s4/Image/img00475.bmp 763 431 1377 1034 0
s4/Image/img00476.bmp 790 412 1399 1020 0
s4/Image/img00477.bmp 773 407 1379 1014 0
s4/Image/img00478.bmp 797 397 1409 1007 0
s4/Image/img00479.bmp 796 410 1405 1016 0
s4/Image/img00480.bmp 765 412 1375 1022 0
s4/Image/img00481.bmp 750 399 1360 1008 0
s4/Image/img00482.bmp 888 457 1494 1072 0
s4/Image/img00483.bmp 789 425 1398 1036 0
s4/Image/img00484.bmp 782 406 1394 1020 0
s4/Image/img00485.bmp 798 413 1407 1028 0
s4/Image/img00486.bmp 776 435 1397 1046 0
s4/Image/img00487.bmp 795 442 1408 1052 0
s4/Image/img00488.bmp 808 449 1417 1058 0
s4/Image/img00489.bmp 759 431 1379 1040 0
s4/Image/img00490.bmp 769 416 1379 1033 0
s4/Image/img00491.bmp 758 459 1369 1065 0
s4/Image/img00492.bmp 775 440 1391 1047 0
s4/Image/img00493.bmp 789 436 1400 1042 0
s4/Image/img00494.bmp 774 434 1385 1038 0
s4/Image/img00495.bmp 791 422 1403 1035 0
s4/Image/img00496.bmp 691 406 1299 1017 0
s4/Image/img00497.bmp 569 367 1180 973 0
s4/Image/img00498.bmp 711 390 1324 998 0
s4/Image/img00499.bmp 740 412 1349 1016 0
s4/Image/img00500.bmp 741 409 1353 1021 0
s4/Image/img00501.bmp 746 411 1356 1019 0
s4/Image/img00502.bmp 750 421 1358 1033 0
s4/Image/img00503.bmp 754 416 1361 1025 0
s4/Image/img00504.bmp 772 410 1382 1014 0
s4/Image/img00505.bmp 780 409 1401 1001 0
s4/Image/img00506.bmp 775 396 1396 1000 0
s4/Image/img00507.bmp 795 405 1411 1008 0
s4/Image/img00508.bmp 805 410 1419 1019 0
s4/Image/img00509.bmp 816 404 1428 1007 0
s4/Image/img00510.bmp 801 384 1415 986 0
s4/Image/img00511.bmp 803 402 1413 1004 0
s4/Image/img00512.bmp 808 402 1418 1003 0
s4/Image/img00513.bmp 773 412 1384 1018 0
s4/Image/img00514.bmp 825 410 1432 1018 0
s4/Image/img00515.bmp 838 406 1448 1014 0
s4/Image/img00516.bmp 793 410 1403 1017 0
s4/Image/img00517.bmp 801 409 1406 1017 0
s4/Image/img00518.bmp 809 408 1415 1019 0
s4/Image/img00519.bmp 794 418 1410 1025 0
s4/Image/img00520.bmp 803 409 1411 1019 0
s4/Image/img00521.bmp 803 413 1416 1023 0
s4/Image/img00522.bmp 788 414 1396 1022 0
s4/Image/img00523.bmp 800 404 1411 1015 0
s4/Image/img00524.bmp 812 413 1422 1025 0
s4/Image/img00525.bmp 797 419 1417 1028 0
s4/Image/img00526.bmp 830 412 1438 1020 0
s4/Image/img00527.bmp 826 419 1433 1028 0
s4/Image/img00528.bmp 828 419 1438 1029 0
s4/Image/img00529.bmp 826 413 1440 1024 0
s4/Image/img00530.bmp 838 413 1449 1023 0
s4/Image/img00531.bmp 838 405 1449 1019 0
s4/Image/img00532.bmp 856 419 1461 1033 0
s4/Image/img00533.bmp 839 421 1453 1030 0
s4/Image/img00534.bmp 855 415 1463 1025 0
s4/Image/img00535.bmp 880 435 1484 1040 0
s4/Image/img00536.bmp 820 418 1432 1023 0
s4/Image/img00537.bmp 864 431 1472 1038 0
s4/Image/img00538.bmp 842 432 1453 1039 0
s4/Image/img00539.bmp 885 448 1491 1053 0
s4/Image/img00540.bmp 829 430 1448 1035 0
s4/Image/img00541.bmp 871 443 1482 1049 0
s4/Image/img00542.bmp 832 425 1454 1029 0
s4/Image/img00543.bmp 872 433 1478 1037 0
s4/Image/img00544.bmp 863 431 1469 1036 0
s4/Image/img00545.bmp 842 427 1461 1032 0
s4/Image/img00546.bmp 858 445 1463 1052 0
s4/Image/img00547.bmp 863 443 1469 1053 0
s4/Image/img00548.bmp 867 428 1476 1038 0
s4/Image/img00549.bmp 853 430 1461 1035 0
s4/Image/img00550.bmp 855 445 1465 1055 0
s4/Image/img00551.bmp 840 417 1451 1026 0
s4/Image/img00552.bmp 851 426 1461 1035 0
s4/Image/img00553.bmp 839 442 1444 1056 0
s4/Image/img00554.bmp 846 418 1451 1021 0
s4/Image/img00555.bmp 806 435 1416 1043 0
s4/Image/img00556.bmp 813 428 1424 1037 0
s4/Image/img00557.bmp 835 415 1446 1026 0
s4/Image/img00558.bmp 850 428 1462 1039 0
s4/Image/img00559.bmp 849 434 1461 1044 0
s4/Image/img00560.bmp 889 432 1500 1044 0
s4/Image/img00561.bmp 866 433 1478 1043 0
s4/Image/img00562.bmp 882 432 1494 1043 0
s4/Image/img00563.bmp 868 424 1477 1035 0
s4/Image/img00564.bmp 875 435 1486 1045 0
s4/Image/img00565.bmp 884 430 1495 1042 0
s4/Image/img00566.bmp 897 429 1505 1040 0
s4/Image/img00567.bmp 909 437 1518 1048 0
s4/Image/img00568.bmp 908 429 1515 1039 0
s4/Image/img00569.bmp 921 443 1525 1051 0
s4/Image/img00570.bmp 872 433 1484 1045 0
s4/Image/img00571.bmp 881 437 1492 1046 0
s4/Image/img00572.bmp 889 441 1498 1054 0
s4/Image/img00573.bmp 895 430 1505 1040 0
s4/Image/img00574.bmp 914 425 1528 1033 0
s4/Image/img00575.bmp 882 435 1494 1045 0
s4/Image/img00576.bmp 903 415 1517 1019 0
s4/Image/img00577.bmp 876 431 1489 1042 0
s4/Image/img00578.bmp 882 425 1496 1030 0
s4/Image/img00579.bmp 863 408 1483 1011 0
s4/Image/img00580.bmp 845 386 1461 988 0
s4/Image/img00581.bmp 840 360 1470 955 0
s4/Image/img00582.bmp 831 361 1441 958 0
s4/Image/img00583.bmp 821 407 1431 1012 0
s4/Image/img00584.bmp 822 362 1439 965 0
s4/Image/img00585.bmp 819 355 1436 959 0
s4/Image/img00586.bmp 861 397 1471 1002 0
s4/Image/img00587.bmp 814 366 1425 966 0
s4/Image/img00588.bmp 807 391 1415 994 0
s4/Image/img00589.bmp 804 403 1413 1007 0
s4/Image/img00590.bmp 805 386 1414 994 0
s4/Image/img00591.bmp 827 406 1436 1017 0
s4/Image/img00592.bmp 849 413 1461 1026 0
s4/Image/img00593.bmp 854 414 1463 1025 0
s4/Image/img00594.bmp 813 418 1421 1025 0
s4/Image/img00595.bmp 822 405 1432 1014 0
s4/Image/img00596.bmp 794 415 1406 1026 0
s4/Image/img00597.bmp 823 412 1432 1020 0
s4/Image/img00598.bmp 817 398 1427 1002 0
s4/Image/img00599.bmp 798 409 1409 1004 0
s4/Image/img00600.bmp 825 419 1437 1018 0
s4/Image/img00601.bmp 824 404 1436 998 0
s4/Image/img00602.bmp 810 421 1423 1017 0
s4/Image/img00603.bmp 826 396 1443 983 0
s4/Image/img00604.bmp 779 392 1397 980 0
s4/Image/img00605.bmp 786 407 1390 994 0
s4/Image/img00606.bmp 820 424 1431 1011 0
s4/Image/img00607.bmp 894 450 1505 1047 0
s4/Image/img00608.bmp 990 459 1601 1063 0
s4/Image/img00609.bmp 914 456 1526 1061 0
s4/Image/img00610.bmp 872 458 1483 1070 0
s4/Image/img00611.bmp 886 449 1495 1064 0
s4/Image/img00612.bmp 908 445 1521 1056 0
s4/Image/img00613.bmp 898 459 1510 1066 0
s4/Image/img00614.bmp 911 445 1522 1059 0
s4/Image/img00615.bmp 902 455 1514 1064 0
s4/Image/img00616.bmp 932 471 1540 1077 0
s4/Image/img00617.bmp 901 462 1510 1073 0
s4/Image/img00618.bmp 924 455 1534 1067 0
s4/Image/img00619.bmp 915 450 1530 1055 0
s4/Image/img00620.bmp 947 442 1559 1053 0
s4/Image/img00621.bmp 924 450 1534 1060 0
s4/Image/img00622.bmp 908 449 1523 1059 0
s4/Image/img00623.bmp 921 449 1531 1066 0
s4/Image/img00624.bmp 934 449 1550 1057 0
s4/Image/img00625.bmp 899 452 1510 1060 0
s4/Image/img00626.bmp 907 460 1515 1076 0
s4/Image/img00627.bmp 899 455 1512 1070 0
s4/Image/img00628.bmp 889 448 1500 1066 0
s4/Image/img00629.bmp 893 444 1505 1059 0
s4/Image/img00630.bmp 906 448 1516 1060 0
s4/Image/img00631.bmp 937 447 1548 1055 0
s4/Image/img00632.bmp 905 439 1521 1049 0
s4/Image/img00633.bmp 929 452 1541 1060 0
s4/Image/img00634.bmp 949 440 1557 1043 0
s4/Image/img00635.bmp 892 460 1501 1072 0
s4/Image/img00636.bmp 892 451 1503 1059 0
s4/Image/img00637.bmp 897 444 1507 1051 0
s4/Image/img00638.bmp 867 451 1476 1066 0
s4/Image/img00639.bmp 864 444 1476 1056 0
s4/Image/img00640.bmp 875 436 1488 1048 0
s4/Image/img00641.bmp 842 432 1453 1047 0
s4/Image/img00642.bmp 835 421 1447 1031 0
s4/Image/img00643.bmp 831 426 1440 1040 0
s4/Image/img00644.bmp 851 430 1462 1039 0
s4/Image/img00645.bmp 794 418 1404 1037 0
s4/Image/img00646.bmp 815 425 1427 1033 0
s4/Image/img00647.bmp 832 417 1444 1032 0
s4/Image/img00648.bmp 852 416 1461 1017 0
s4/Image/img00649.bmp 841 427 1452 1029 0
s4/Image/img00650.bmp 848 416 1459 1019 0
s4/Image/img00651.bmp 845 412 1458 1023 0
s4/Image/img00652.bmp 839 429 1452 1034 0
s4/Image/img00653.bmp 818 417 1428 1018 0
s4/Image/img00654.bmp 823 409 1432 1017 0
s4/Image/img00655.bmp 811 417 1422 1027 0
s4/Image/img00656.bmp 802 415 1415 1026 0
s4/Image/img00657.bmp 813 424 1426 1034 0
s4/Image/img00658.bmp 828 414 1438 1024 0
s4/Image/img00659.bmp 836 419 1447 1030 0
s4/Image/img00660.bmp 792 416 1401 1026 0
s4/Image/img00661.bmp 793 407 1401 1017 0
s4/Image/img00662.bmp 800 412 1409 1024 0
s4/Image/img00663.bmp 818 416 1429 1026 0
s4/Image/img00664.bmp 799 430 1412 1034 0
s4/Image/img00665.bmp 817 371 1433 977 0
s4/Image/img00666.bmp 800 403 1410 1014 0
s4/Image/img00667.bmp 799 406 1410 1022 0
s4/Image/img00668.bmp 821 417 1431 1030 0
s4/Image/img00669.bmp 818 402 1425 1016 0
s4/Image/img00670.bmp 788 401 1398 1016 0
s4/Image/img00671.bmp 803 408 1414 1018 0
s4/Image/img00672.bmp 783 399 1395 1016 0
s4/Image/img00673.bmp 775 430 1388 1041 0
s4/Image/img00674.bmp 773 417 1384 1025 0
s4/Image/img00675.bmp 852 419 1464 1034 0
s4/Image/img00676.bmp 841 411 1449 1024 0
s4/Image/img00677.bmp 851 408 1462 1021 0
s4/Image/img00678.bmp 845 415 1452 1027 0
s4/Image/img00679.bmp 842 408 1450 1027 0
s4/Image/img00680.bmp 821 410 1433 1023 0
s4/Image/img00681.bmp 810 419 1422 1032 0
s4/Image/img00682.bmp 838 406 1446 1019 0
s4/Image/img00683.bmp 864 404 1474 1015 0
s4/Image/img00684.bmp 860 415 1468 1013 0
s4/Image/img00685.bmp 856 414 1461 1021 0
s4/Image/img00686.bmp 856 418 1457 1026 0
s4/Image/img00687.bmp 816 435 1422 1046 0
s4/Image/img00688.bmp 797 449 1409 1065 0
s4/Image/img00689.bmp 807 421 1417 1035 0
s4/Image/img00690.bmp 816 419 1425 1033 0
s4/Image/img00691.bmp 791 414 1401 1030 0
s4/Image/img00692.bmp 807 406 1421 1022 0
s4/Image/img00693.bmp 815 421 1428 1036 0
s4/Image/img00694.bmp 812 414 1425 1029 0
s4/Image/img00695.bmp 802 411 1416 1026 0
s4/Image/img00695.bmp 801 408 1412 1028 0
s4/Image/img00696.bmp 802 436 1413 1045 0
s4/Image/img00697.bmp 894 428 1498 1041 0
s4/Image/img00698.bmp 826 429 1436 1043 0
s4/Image/img00699.bmp 827 431 1440 1037 0
s4/Image/img00700.bmp 791 414 1399 1030 0
s4/Image/img00701.bmp 781 426 1390 1040 0
s4/Image/img00702.bmp 791 397 1404 1012 0
s4/Image/img00703.bmp 775 396 1388 1015 0
s4/Image/img00704.bmp 788 407 1395 1026 0
s4/Image/img00705.bmp 817 416 1426 1023 0
s4/Image/img00706.bmp 798 431 1409 1043 0
s4/Image/img00707.bmp 805 447 1418 1060 0
s4/Image/img00708.bmp 789 447 1400 1056 0
s4/Image/img00709.bmp 814 429 1423 1045 0
s4/Image/img00710.bmp 826 419 1434 1037 0
s4/Image/img00711.bmp 836 425 1445 1040 0
s4/Image/img00712.bmp 821 428 1436 1039 0
s4/Image/img00713.bmp 832 416 1442 1032 0
s4/Image/img00714.bmp 833 423 1442 1036 0
s4/Image/img00715.bmp 834 419 1441 1033 0
s4/Image/img00716.bmp 824 414 1433 1030 0
s4/Image/img00717.bmp 822 421 1433 1035 0
s4/Image/img00718.bmp 842 416 1454 1032 0
s4/Image/img00719.bmp 827 427 1436 1041 0
s4/Image/img00720.bmp 814 438 1427 1049 0
s4/Image/img00721.bmp 814 431 1424 1043 0
s4/Image/img00722.bmp 799 443 1407 1061 0
s4/Image/img00723.bmp 799 427 1408 1044 0
s4/Image/img00724.bmp 789 422 1399 1030 0
s4/Image/img00725.bmp 760 414 1374 1022 0
s4/Image/img00726.bmp 798 420 1408 1032 0
s4/Image/img00727.bmp 785 468 1397 1079 0
s4/Image/img00728.bmp 752 573 1370 1165 0
s4/Image/img00729.bmp 772 516 1385 1100 0
s4/Image/img00730.bmp 776 507 1388 1106 0
s4/Image/img00731.bmp 753 512 1368 1102 0
s4/Image/img00732.bmp 759 501 1366 1101 0
s4/Image/img00733.bmp 760 508 1366 1099 0
s4/Image/img00734.bmp 765 527 1378 1108 0
s4/Image/img00735.bmp 778 517 1387 1120 0
s4/Image/img00736.bmp 762 494 1381 1103 0
s4/Image/img00737.bmp 763 479 1376 1071 0
s4/Image/img00738.bmp 776 473 1385 1087 0
s4/Image/img00739.bmp 762 473 1366 1078 0
s4/Image/img00740.bmp 786 469 1403 1071 0
s4/Image/img00741.bmp 800 470 1409 1078 0
s4/Image/img00742.bmp 787 469 1398 1078 0
s4/Image/img00743.bmp 783 460 1396 1054 0
s4/Image/img00744.bmp 772 453 1383 1061 0
s4/Image/img00745.bmp 766 438 1379 1048 0
s4/Image/img00746.bmp 781 419 1394 1038 0
s4/Image/img00747.bmp 802 435 1415 1046 0
s4/Image/img00748.bmp 770 424 1382 1032 0
s4/Image/img00749.bmp 785 419 1398 1028 0
s4/Image/img00750.bmp 787 412 1398 1030 0
s4/Image/img00751.bmp 767 448 1383 1060 0
s4/Image/img00752.bmp 770 427 1382 1036 0
s4/Image/img00753.bmp 761 426 1377 1040 0
s4/Image/img00754.bmp 776 431 1393 1045 0
s4/Image/img00755.bmp 796 430 1410 1044 0
s4/Image/img00756.bmp 776 431 1389 1044 0
s4/Image/img00757.bmp 777 439 1392 1049 0
s4/Image/img00758.bmp 755 444 1367 1055 0
s4/Image/img00759.bmp 739 450 1349 1057 0
s4/Image/img00760.bmp 767 435 1381 1043 0
s4/Image/img00761.bmp 834 442 1446 1054 0
s4/Image/img00762.bmp 835 444 1447 1056 0
s4/Image/img00763.bmp 822 441 1437 1052 0
s4/Image/img00764.bmp 807 442 1416 1053 0
s4/Image/img00765.bmp 805 441 1415 1050 0
s4/Image/img00766.bmp 794 442 1403 1056 0
s4/Image/img00767.bmp 758 442 1361 1057 0
s4/Image/img00768.bmp 751 439 1349 1049 0
s4/Image/img00769.bmp 765 438 1367 1045 0
s4/Image/img00770.bmp 779 443 1372 1048 0
s4/Image/img00771.bmp 752 437 1344 1042 0
s4/Image/img00772.bmp 717 446 1324 1051 0
s4/Image/img00773.bmp 727 449 1340 1059 0
s4/Image/img00774.bmp 705 447 1299 1062 0
s4/Image/img00775.bmp 722 447 1329 1053 0
s4/Image/img00776.bmp 766 441 1376 1051 0
s4/Image/img00777.bmp 765 428 1372 1047 0
s4/Image/img00778.bmp 781 434 1389 1046 0
s4/Image/img00779.bmp 784 438 1392 1055 0
s4/Image/img00780.bmp 785 436 1397 1044 0
s4/Image/img00781.bmp 778 432 1388 1042 0
s4/Image/img00782.bmp 789 432 1397 1045 0
s4/Image/img00783.bmp 812 422 1421 1038 0
s4/Image/img00784.bmp 799 429 1412 1046 0
s4/Image/img00785.bmp 795 434 1407 1045 0
s4/Image/img00786.bmp 796 420 1406 1036 0
s4/Image/img00787.bmp 784 421 1398 1038 0
s4/Image/img00788.bmp 794 426 1406 1046 0
s4/Image/img00789.bmp 790 424 1397 1031 0
s4/Image/img00790.bmp 774 428 1379 1041 0
s4/Image/img00791.bmp 771 431 1376 1043 0
s4/Image/img00792.bmp 808 425 1418 1036 0
s4/Image/img00793.bmp 770 419 1381 1039 0
s4/Image/img00794.bmp 781 422 1388 1035 0
s4/Image/img00795.bmp 711 413 1316 1032 0
s4/Image/img00796.bmp 763 417 1374 1039 0
s4/Image/img00797.bmp 772 415 1384 1028 0
s4/Image/img00798.bmp 781 422 1391 1040 0
s4/Image/img00799.bmp 766 433 1379 1048 0
s4/Image/img00800.bmp 755 421 1363 1036 0
s4/Image/img00801.bmp 772 429 1383 1043 0
s4/Image/img00802.bmp 775 427 1389 1035 0
s4/Image/img00803.bmp 685 420 1292 1033 0
s4/Image/img00804.bmp 762 427 1377 1037 0
s4/Image/img00805.bmp 793 439 1405 1050 0
s4/Image/img00806.bmp 780 422 1402 1051 0
s4/Image/img00807.bmp 780 422 1402 1051 0
s4/Image/img00808.bmp 787 449 1399 1061 0
s4/Image/img00809.bmp 789 449 1403 1058 0
s4/Image/img00810.bmp 783 455 1399 1065 0
s4/Image/img00811.bmp 787 453 1400 1064 0
s4/Image/img00812.bmp 754 448 1371 1059 0
s4/Image/img00813.bmp 724 444 1337 1058 0
s4/Image/img00814.bmp 695 428 1303 1043 0
s4/Image/img00815.bmp 672 436 1272 1041 0
s4/Image/img00816.bmp 662 440 1261 1045 0
s4/Image/img00817.bmp 635 443 1233 1058 0
s4/Image/img00818.bmp 626 448 1225 1058 0
s4/Image/img00819.bmp 626 460 1237 1075 0
s4/Image/img00820.bmp 705 454 1314 1066 0
s4/Image/img00821.bmp 708 458 1315 1071 0
s4/Image/img00822.bmp 704 455 1314 1071 0
s4/Image/img00823.bmp 693 445 1301 1052 0
s4/Image/img00824.bmp 705 451 1317 1063 0
s4/Image/img00825.bmp 699 444 1310 1054 0
s4/Image/img00826.bmp 717 433 1326 1045 0
s4/Image/img00827.bmp 714 436 1328 1044 0
s4/Image/img00828.bmp 727 436 1337 1047 0
s4/Image/img00829.bmp 755 432 1369 1044 0
s4/Image/img00830.bmp 754 439 1364 1048 0
s4/Image/img00831.bmp 734 429 1346 1044 0
s4/Image/img00832.bmp 724 426 1329 1033 0
s4/Image/img00833.bmp 710 429 1318 1040 0
s4/Image/img00834.bmp 679 422 1292 1036 0
s4/Image/img00835.bmp 690 424 1300 1037 0
s4/Image/img00836.bmp 727 427 1340 1045 0
s4/Image/img00837.bmp 718 421 1340 1041 0
s4/Image/img00838.bmp 730 414 1342 1028 0
s4/Image/img00839.bmp 737 438 1347 1058 0
s4/Image/img00840.bmp 734 428 1345 1045 0
s4/Image/img00841.bmp 689 423 1308 1036 0
s4/Image/img00842.bmp 694 434 1304 1044 0
s4/Image/img00843.bmp 653 422 1268 1037 0
s4/Image/img00844.bmp 660 413 1269 1028 0
s4/Image/img00845.bmp 701 419 1310 1036 0
s4/Image/img00846.bmp 776 418 1385 1033 0
s4/Image/img00847.bmp 770 420 1392 1049 0
s4/Image/img00848.bmp 619 391 1232 1001 0
s4/Image/img00849.bmp 691 408 1298 1021 0
s4/Image/img00850.bmp 694 455 1307 1068 0
s4/Image/img00851.bmp 697 446 1311 1056 0
s4/Image/img00852.bmp 657 402 1264 1012 0
s4/Image/img00853.bmp 608 418 1217 1020 0
s4/Image/img00854.bmp 571 398 1181 996 0
s4/Image/img00855.bmp 556 368 1168 966 0
s4/Image/img00856.bmp 550 374 1155 969 0
s4/Image/img00857.bmp 536 330 1137 931 0
s4/Image/img00858.bmp 537 324 1143 920 0
s4/Image/img00859.bmp 546 336 1157 933 0
s4/Image/img00860.bmp 557 316 1174 923 0
s4/Image/img00861.bmp 538 267 1144 863 0
s4/Image/img00862.bmp 498 260 1109 849 0
s4/Image/img00863.bmp 554 307 1162 912 0
s4/Image/img00864.bmp 604 344 1217 953 0
s4/Image/img00865.bmp 590 353 1198 962 0
s4/Image/img00866.bmp 589 358 1201 968 0
s4/Image/img00867.bmp 596 352 1208 970 0
s4/Image/img00868.bmp 586 367 1194 977 0
s4/Image/img00869.bmp 594 357 1202 973 0
s4/Image/img00870.bmp 597 361 1205 975 0
s4/Image/img00871.bmp 573 371 1188 986 0
s4/Image/img00872.bmp 564 338 1176 948 0
s4/Image/img00873.bmp 570 350 1183 963 0
s4/Image/img00874.bmp 582 359 1193 977 0
s4/Image/img00875.bmp 583 361 1194 972 0
s4/Image/img00876.bmp 582 360 1189 976 0
s4/Image/img00877.bmp 569 365 1176 976 0
s4/Image/img00878.bmp 560 359 1169 973 0
s4/Image/img00879.bmp 527 363 1140 975 0
s4/Image/img00880.bmp 504 375 1112 988 0
s4/Image/img00881.bmp 495 369 1110 978 0
s4/Image/img00882.bmp 596 368 1207 985 0
s4/Image/img00883.bmp 593 375 1204 986 0
s4/Image/img00884.bmp 879 472 1501 1101 0
s4/Image/img00885.bmp 655 382 1266 988 0
s4/Image/img00886.bmp 646 383 1254 981 0
s4/Image/img00887.bmp 659 380 1274 991 0
s4/Image/img00888.bmp 610 388 1221 1003 0
s4/Image/img00889.bmp 635 389 1251 1002 0
s4/Image/img00890.bmp 640 393 1250 1007 0
s4/Image/img00891.bmp 638 394 1250 1005 0
s4/Image/img00892.bmp 615 376 1217 982 0
s4/Image/img00893.bmp 617 366 1215 971 0
s4/Image/img00894.bmp 598 361 1190 970 0
s4/Image/img00895.bmp 564 345 1156 949 0
s4/Image/img00896.bmp 581 345 1177 943 0
s4/Image/img00897.bmp 575 336 1169 934 0
s4/Image/img00898.bmp 530 319 1136 918 0
s4/Image/img00899.bmp 579 351 1181 953 0
s4/Image/img00900.bmp 631 374 1238 981 0
s4/Image/img00901.bmp 627 368 1235 978 0
s4/Image/img00902.bmp 605 355 1212 963 0
s4/Image/img00903.bmp 600 352 1206 965 0
s4/Image/img00904.bmp 636 347 1242 957 0
s4/Image/img00905.bmp 645 351 1252 960 0
s4/Image/img00906.bmp 623 353 1226 967 0
s4/Image/img00907.bmp 582 328 1186 938 0
s4/Image/img00908.bmp 618 345 1233 959 0
s4/Image/img00909.bmp 616 370 1222 981 0
s4/Image/img00910.bmp 627 357 1239 967 0
s4/Image/img00911.bmp 604 374 1215 990 0
s4/Image/img00912.bmp 590 376 1197 988 0
s4/Image/img00913.bmp 596 362 1206 970 0
s4/Image/img00914.bmp 596 373 1205 983 0
s4/Image/img00915.bmp 564 381 1176 988 0
s4/Image/img00916.bmp 574 354 1184 963 0
s4/Image/img00917.bmp 727 395 1336 1008 0
s4/Image/img00918.bmp 727 389 1338 1003 0
s4/Image/img00919.bmp 722 383 1331 997 0
s4/Image/img00920.bmp 686 392 1295 1008 0
s4/Image/img00921.bmp 711 387 1318 1008 0
s4/Image/img00922.bmp 766 403 1376 1018 0
s4/Image/img00923.bmp 770 403 1378 1015 0
s4/Image/img00924.bmp 774 394 1384 1003 0
s4/Image/img00925.bmp 769 410 1375 1010 0
s4/Image/img00926.bmp 773 425 1380 1026 0
s4/Image/img00927.bmp 764 417 1370 1011 0
s4/Image/img00928.bmp 771 407 1375 1013 0
s4/Image/img00929.bmp 778 411 1385 1015 0
s4/Image/img00930.bmp 778 401 1386 1005 0
s4/Image/img00931.bmp 723 394 1334 1006 0
s4/Image/img00932.bmp 781 417 1390 1031 0
s4/Image/img00933.bmp 763 395 1370 1003 0
s4/Image/img00934.bmp 738 399 1347 1010 0
s4/Image/img00935.bmp 752 388 1357 999 0
s4/Image/img00936.bmp 735 392 1347 1003 0
s4/Image/img00937.bmp 745 390 1355 997 0
s4/Image/img00938.bmp 743 385 1350 998 0
s4/Image/img00939.bmp 685 369 1295 983 0
s4/Image/img00940.bmp 712 382 1318 993 0
s4/Image/img00941.bmp 790 404 1397 1015 0
s4/Image/img00942.bmp 767 404 1376 1013 0
s4/Image/img00943.bmp 801 415 1413 1030 0
s4/Image/img00944.bmp 784 408 1396 1017 0
s4/Image/img00945.bmp 782 405 1392 1021 0
s4/Image/img00946.bmp 781 411 1388 1022 0
s4/Image/img00947.bmp 773 412 1380 1025 0
s4/Image/img00948.bmp 813 432 1421 1045 0
s4/Image/img00949.bmp 790 425 1399 1038 0
s4/Image/img00950.bmp 819 438 1429 1045 0
s4/Image/img00951.bmp 817 433 1427 1041 0
s4/Image/img00952.bmp 800 436 1404 1034 0
s4/Image/img00953.bmp 804 446 1410 1045 0
s4/Image/img00954.bmp 798 428 1406 1035 0
s4/Image/img00955.bmp 787 406 1394 1022 0
s4/Image/img00956.bmp 800 433 1406 1043 0
s4/Image/img00957.bmp 805 417 1412 1034 0
s4/Image/img00958.bmp 804 418 1410 1033 0
s4/Image/img00959.bmp 809 426 1417 1037 0
s4/Image/img00960.bmp 802 418 1412 1034 0
s4/Image/img00961.bmp 802 421 1407 1032 0
s4/Image/img00962.bmp 798 425 1405 1034 0
s4/Image/img00963.bmp 801 418 1410 1031 0
s4/Image/img00964.bmp 812 409 1417 1019 0
s4/Image/img00965.bmp 860 403 1467 1014 0
s4/Image/img00966.bmp 797 396 1405 1007 0
s4/Image/img00967.bmp 819 411 1428 1022 0
s4/Image/img00968.bmp 884 457 1494 1061 0
s4/Image/img00969.bmp 797 434 1406 1043 0
s4/Image/img00970.bmp 803 413 1414 1029 0
s4/Image/img00971.bmp 793 410 1403 1025 0
s4/Image/img00972.bmp 834 388 1442 1004 0
s4/Image/img00973.bmp 799 413 1405 1023 0
s4/Image/img00974.bmp 831 424 1437 1035 0
s4/Image/img00975.bmp 792 409 1400 1021 0
s4/Image/img00976.bmp 767 420 1378 1031 0
s4/Image/img00977.bmp 783 409 1389 1030 0
s4/Image/img00978.bmp 806 406 1417 1017 0
s4/Image/img00979.bmp 809 396 1419 1008 0
s4/Image/img00980.bmp 816 404 1424 1014 0
s4/Image/img00981.bmp 788 397 1400 1007 0
s4/Image/img00982.bmp 802 396 1410 1005 0
s4/Image/img00983.bmp 801 402 1410 1013 0
s4/Image/img00984.bmp 777 423 1386 1033 0
s4/Image/img00985.bmp 800 422 1412 1029 0
s4/Image/img00986.bmp 777 421 1382 1029 0
s4/Image/img00987.bmp 757 412 1368 1022 0
s4/Image/img00988.bmp 761 409 1367 1018 0
s4/Image/img00989.bmp 807 425 1413 1033 0
s4/Image/img00990.bmp 853 436 1456 1035 0
s4/Image/img00991.bmp 780 421 1387 1028 0
s4/Image/img00992.bmp 806 419 1412 1030 0
s4/Image/img00993.bmp 812 429 1409 1031 0
s4/Image/img00994.bmp 858 453 1454 1052 0
s4/Image/img00995.bmp 895 423 1493 1032 0
s4/Image/img00996.bmp 871 414 1471 1020 0
s4/Image/img00997.bmp 870 420 1464 1028 0
s4/Image/img00998.bmp 898 415 1496 1020 0
s4/Image/img00999.bmp 894 418 1488 1017 0
s4/Image/img01000.bmp 920 423 1516 1024 0
s4/Image/img01001.bmp 913 424 1504 1026 0
s4/Image/img01002.bmp 934 430 1524 1041 0
s4/Image/img01003.bmp 916 412 1511 1019 0
s4/Image/img01004.bmp 897 402 1499 1009 0
s4/Image/img01005.bmp 953 429 1564 1041 0
s4/Image/img01006.bmp 979 452 1593 1065 0
s4/Image/img01007.bmp 956 447 1577 1055 0
s4/Image/img01008.bmp 860 429 1474 1034 0
s4/Image/img01009.bmp 847 403 1448 1008 0
s4/Image/img01010.bmp 854 435 1466 1047 0
s4/Image/img01011.bmp 855 432 1464 1043 0
s4/Image/img01012.bmp 865 419 1473 1029 0
s4/Image/img01013.bmp 855 423 1470 1034 0
s4/Image/img01014.bmp 827 400 1438 1013 0
s4/Image/img01015.bmp 845 409 1467 1016 0
s4/Image/img01016.bmp 865 405 1478 1016 0
s4/Image/img01017.bmp 857 403 1466 1016 0
s4/Image/img01018.bmp 858 393 1469 1010 0
s4/Image/img01019.bmp 864 394 1474 1005 0
s4/Image/img01020.bmp 938 394 1545 1007 0
s4/Image/img01021.bmp 861 386 1471 994 0
s4/Image/img01022.bmp 850 366 1456 979 0
s4/Image/img01023.bmp 848 362 1451 973 0
s4/Image/img01024.bmp 968 409 1567 1023 0
s4/Image/img01025.bmp 859 378 1461 992 0
s4/Image/img01026.bmp 829 403 1451 1022 0
s4/Image/img01027.bmp 846 384 1453 996 0
s4/Image/img01028.bmp 832 414 1438 1026 0
s4/Image/img01029.bmp 842 392 1452 1006 0
s4/Image/img01030.bmp 788 404 1396 1013 0
s4/Image/img01031.bmp 800 422 1406 1032 0
s4/Image/img01032.bmp 784 402 1386 1010 0
s4/Image/img01033.bmp 833 371 1439 979 0
s4/Image/img01034.bmp 867 374 1473 982 0
s4/Image/img01035.bmp 817 385 1420 997 0
s4/Image/img01036.bmp 794 382 1396 994 0
s4/Image/img01037.bmp 781 398 1389 1009 0
s4/Image/img01038.bmp 804 415 1409 1028 0
s4/Image/img01039.bmp 810 402 1416 1013 0
s4/Image/img01040.bmp 769 409 1384 1014 0
s4/Image/img01041.bmp 808 402 1418 1015 0
s4/Image/img01042.bmp 804 396 1414 1005 0
s4/Image/img01043.bmp 800 407 1410 1018 0
s4/Image/img01044.bmp 791 397 1400 1011 0
s4/Image/img01045.bmp 788 399 1397 1011 0
s4/Image/img01046.bmp 778 394 1400 1023 0
s4/Image/img01047.bmp 808 403 1414 1015 0
s4/Image/img01048.bmp 825 413 1432 1017 0
s4/Image/img01049.bmp 800 405 1408 1017 0
s4/Image/img01050.bmp 788 402 1399 1007 0
s4/Image/img01051.bmp 779 408 1388 1017 0
s4/Image/img01052.bmp 772 402 1376 1000 0
s4/Image/img01053.bmp 778 385 1384 987 0
s4/Image/img01054.bmp 774 452 1377 1056 0
s4/Image/img01055.bmp 796 416 1406 1024 0
s4/Image/img01056.bmp 774 426 1382 1035 0
s4/Image/img01057.bmp 761 404 1377 1010 0
s4/Image/img01058.bmp 755 397 1365 1005 0
s4/Image/img01059.bmp 757 405 1366 1009 0
s4/Image/img01060.bmp 756 392 1362 996 0
s4/Image/img01061.bmp 751 390 1359 1005 0
s4/Image/img01062.bmp 744 390 1351 1023 0
s4/Image/img01063.bmp 760 395 1367 1008 0
s4/Image/img01064.bmp 755 389 1363 999 0
s4/Image/img01065.bmp 750 379 1357 984 0
s4/Image/img01066.bmp 730 337 1337 940 0
s4/Image/img01067.bmp 734 371 1340 981 0
s4/Image/img01068.bmp 713 358 1319 971 0
s4/Image/img01069.bmp 735 371 1342 983 0
s4/Image/img01070.bmp 747 381 1354 992 0
s4/Image/img01071.bmp 731 374 1337 986 0
s4/Image/img01072.bmp 706 361 1313 971 0
s4/Image/img01073.bmp 670 391 1274 999 0
s4/Image/img01074.bmp 699 377 1308 986 0
s4/Image/img01075.bmp 752 364 1361 968 0
s4/Image/img01076.bmp 666 333 1272 936 0
s4/Image/img01077.bmp 774 375 1381 982 0
s4/Image/img01078.bmp 742 356 1349 962 0
s4/Image/img01079.bmp 750 340 1357 946 0
s4/Image/img01080.bmp 751 351 1358 958 0
s4/Image/img01081.bmp 763 352 1372 962 0
s4/Image/img01082.bmp 776 364 1383 969 0
s4/Image/img01083.bmp 776 375 1385 979 0
s4/Image/img01084.bmp 789 371 1398 976 0
s4/Image/img01085.bmp 762 357 1369 962 0
s4/Image/img01086.bmp 751 357 1361 960 0
s4/Image/img01087.bmp 765 369 1380 982 0
s4/Image/img01088.bmp 792 370 1407 977 0
s4/Image/img01089.bmp 721 345 1328 946 0
s4/Image/img01090.bmp 784 359 1390 976 0
s4/Image/img01091.bmp 798 366 1406 971 0
s4/Image/img01092.bmp 704 347 1311 968 0
s4/Image/img01093.bmp 755 354 1375 958 0
s4/Image/img01094.bmp 831 370 1439 984 0
s4/Image/img01095.bmp 754 368 1357 989 0
s4/Image/img01096.bmp 755 362 1366 972 0
s4/Image/img01097.bmp 796 359 1406 968 0
s4/Image/img01098.bmp 748 362 1352 971 0
s4/Image/img01099.bmp 761 368 1367 976 0
s4/Image/img01100.bmp 807 361 1411 968 0
s4/Image/img01101.bmp 744 373 1349 981 0
s4/Image/img01102.bmp 807 356 1411 968 0
s4/Image/img01103.bmp 756 349 1363 962 0
s4/Image/img01104.bmp 789 372 1394 976 0
s4/Image/img01105.bmp 693 343 1297 957 0
s4/Image/img01106.bmp 918 422 1525 1032 0
s4/Image/img01107.bmp 944 413 1532 1018 0
s4/Image/img01108.bmp 998 418 1602 1034 0
s4/Image/img01109.bmp 984 428 1587 1038 0
s4/Image/img01110.bmp 975 425 1578 1034 0
s4/Image/img01111.bmp 948 440 1554 1052 0
s4/Image/img01112.bmp 962 448 1568 1056 0
s4/Image/img01113.bmp 982 450 1593 1055 0
s4/Image/img01114.bmp 987 463 1597 1071 0
s4/Image/img01115.bmp 984 467 1594 1078 0
s4/Image/img01116.bmp 998 482 1602 1099 0
s4/Image/img01117.bmp 987 433 1593 1034 0
s4/Image/img01118.bmp 1053 477 1654 1083 0
s4/Image/img01119.bmp 1037 456 1646 1065 0
s4/Image/img01120.bmp 1047 446 1655 1061 0
s4/Image/img01121.bmp 1043 426 1645 1040 0
s4/Image/img01122.bmp 1076 422 1674 1030 0
s4/Image/img01123.bmp 1070 413 1675 1025 0
s4/Image/img01124.bmp 1053 402 1662 1010 0
s4/Image/img01125.bmp 1043 397 1638 1009 0
s4/Image/img01126.bmp 1083 388 1682 994 0
s4/Image/img01127.bmp 1074 383 1683 991 0
s4/Image/img01128.bmp 1068 385 1673 994 0
s4/Image/img01129.bmp 998 386 1605 994 0
s4/Image/img01130.bmp 996 410 1595 1017 0
s4/Image/img01131.bmp 977 404 1579 1018 0
s4/Image/img01132.bmp 1000 397 1617 1008 0
s4/Image/img01133.bmp 968 405 1580 1018 0
s4/Image/img01134.bmp 962 397 1577 1010 0
s4/Image/img01135.bmp 975 391 1589 998 0
s4/Image/img01136.bmp 997 404 1612 1010 0
s4/Image/img01137.bmp 958 387 1568 1007 0
s4/Image/img01138.bmp 892 394 1500 1009 0
s4/Image/img01139.bmp 922 397 1536 1009 0
s4/Image/img01140.bmp 934 396 1546 1016 0
s4/Image/img01141.bmp 918 418 1526 1027 0
s4/Image/img01142.bmp 917 405 1530 1012 0
s4/Image/img01143.bmp 914 406 1522 1013 0
s4/Image/img01144.bmp 875 449 1476 1047 0
s4/Image/img01145.bmp 891 405 1500 1017 0
s4/Image/img01146.bmp 870 400 1479 1004 0
s4/Image/img01147.bmp 869 391 1477 995 0
s4/Image/img01148.bmp 879 391 1489 1001 0
s4/Image/img01149.bmp 870 385 1486 987 0
s4/Image/img01150.bmp 845 355 1458 1004 0
s4/Image/img01151.bmp 895 363 1506 971 0
s4/Image/img01152.bmp 904 373 1512 982 0
s4/Image/img01153.bmp 923 384 1530 992 0
s4/Image/img01154.bmp 973 389 1585 995 0
s4/Image/img01155.bmp 864 365 1477 984 0
s4/Image/img01156.bmp 897 382 1506 987 0
s4/Image/img01157.bmp 898 376 1510 984 0
s4/Image/img01158.bmp 885 371 1493 979 0
s4/Image/img01159.bmp 878 366 1486 981 0
s4/Image/img01160.bmp 847 392 1455 998 0
s4/Image/img01161.bmp 865 387 1475 991 0
s4/Image/img01162.bmp 852 375 1463 981 0
s4/Image/img01163.bmp 848 387 1459 996 0
s4/Image/img01164.bmp 841 365 1444 970 0
s4/Image/img01165.bmp 828 370 1438 985 0
s4/Image/img01166.bmp 701 330 1320 927 0
s4/Image/img01167.bmp 675 317 1289 921 0
s4/Image/img01168.bmp 864 369 1473 977 0
s4/Image/img01169.bmp 865 404 1475 1007 0
s4/Image/img01170.bmp 910 398 1516 1003 0
s4/Image/img01171.bmp 900 389 1511 993 0
s4/Image/img01172.bmp 880 399 1490 1003 0
s4/Image/img01173.bmp 891 380 1497 978 0
s4/Image/img01174.bmp 719 335 1330 936 0
s4/Image/img01175.bmp 908 388 1521 991 0
s4/Image/img01176.bmp 933 392 1537 995 0
s4/Image/img01177.bmp 922 394 1532 996 0
s4/Image/img01178.bmp 924 389 1535 994 0
s4/Image/img01179.bmp 957 389 1563 992 0
s4/Image/img01180.bmp 938 390 1548 984 0
s4/Image/img01181.bmp 944 381 1548 988 0
s4/Image/img01182.bmp 945 375 1553 987 0
s4/Image/img01183.bmp 944 383 1545 993 0
