s4/Image/img00000.bmp 774 364 1380 977 0
s4/Image/img00001.bmp 753 337 1379 947 0
s4/Image/img00002.bmp 751 348 1370 963 0
s4/Image/img00003.bmp 748 338 1371 950 0
s4/Image/img00004.bmp 726 331 1358 933 0
s4/Image/img00005.bmp 714 324 1353 931 0
s4/Image/img00006.bmp 719 343 1348 941 0
s4/Image/img00007.bmp 719 336 1345 939 0
s4/Image/img00008.bmp 724 374 1357 966 0
s4/Image/img00009.bmp 726 320 1353 928 0
s4/Image/img00010.bmp 711 321 1333 924 0
s4/Image/img00011.bmp 674 266 1310 861 0
s4/Image/img00012.bmp 691 271 1327 898 0
s4/Image/img00013.bmp 708 300 1344 898 0
s4/Image/img00014.bmp 676 354 1321 937 0
s4/Image/img00015.bmp 752 356 1388 958 0
s4/Image/img00016.bmp 726 339 1358 937 0
s4/Image/img00017.bmp 706 373 1342 981 0
s4/Image/img00018.bmp 670 377 1288 994 0
s4/Image/img00019.bmp 706 346 1331 955 0
s4/Image/img00020.bmp 709 353 1341 957 0
s4/Image/img00021.bmp 726 337 1358 942 0
s4/Image/img00022.bmp 730 350 1362 962 0
s4/Image/img00023.bmp 722 357 1352 963 0
s4/Image/img00024.bmp 748 341 1381 947 0
s4/Image/img00025.bmp 733 359 1369 962 0
s4/Image/img00026.bmp 733 343 1367 954 0
s4/Image/img00027.bmp 742 337 1377 948 0
s4/Image/img00028.bmp 750 353 1383 957 0
s4/Image/img00029.bmp 749 344 1385 948 0
s4/Image/img00030.bmp 742 378 1378 970 0
s4/Image/img00031.bmp 725 397 1361 990 0
s4/Image/img00032.bmp 741 373 1377 964 0
s4/Image/img00033.bmp 730 375 1369 969 0
s4/Image/img00034.bmp 732 387 1370 979 0
s4/Image/img00035.bmp 731 376 1367 968 0
s4/Image/img00036.bmp 716 397 1352 987 0
s4/Image/img00037.bmp 676 369 1312 943 0
s4/Image/img00038.bmp 697 388 1333 976 0
s4/Image/img00039.bmp 711 394 1347 985 0
s4/Image/img00040.bmp 734 375 1368 964 0
s4/Image/img00041.bmp 677 365 1313 956 0
s4/Image/img00042.bmp 683 376 1316 971 0
s4/Image/img00043.bmp 686 360 1319 961 0
s4/Image/img00044.bmp 679 373 1310 972 0
s4/Image/img00045.bmp 679 371 1315 969 0
s4/Image/img00046.bmp 676 375 1312 967 0
s4/Image/img00047.bmp 780 391 1416 993 0
s4/Image/img00048.bmp 868 401 1501 990 0
s4/Image/img00049.bmp 852 406 1477 996 0
s4/Image/img00050.bmp 848 388 1484 990 0
s4/Image/img00051.bmp 872 379 1495 983 0
s4/Image/img00052.bmp 881 352 1484 972 0
s4/Image/img00053.bmp 847 391 1475 993 0
s4/Image/img00054.bmp 855 407 1482 1009 0
s4/Image/img00055.bmp 836 482 1482 1060 0
s4/Image/img00056.bmp 837 474 1486 1065 0
s4/Image/img00057.bmp 840 457 1488 1055 0
s4/Image/img00058.bmp 832 454 1470 1055 0
s4/Image/img00059.bmp 875 411 1474 1024 0
s4/Image/img00060.bmp 847 396 1457 1005 0
s4/Image/img00061.bmp 851 398 1445 1003 0
s4/Image/img00062.bmp 851 417 1438 990 0
s4/Image/img00063.bmp 870 426 1484 1019 0
s4/Image/img00064.bmp 870 427 1481 1011 0
s4/Image/img00065.bmp 874 429 1464 1008 0
s4/Image/img00066.bmp 856 411 1473 1013 0
s4/Image/img00067.bmp 859 388 1476 1004 0
s4/Image/img00068.bmp 850 403 1469 1004 0
s4/Image/img00069.bmp 853 395 1475 1002 0
s4/Image/img00070.bmp 864 385 1491 990 0
s4/Image/img00071.bmp 857 390 1486 993 0
s4/Image/img00072.bmp 860 378 1488 986 0
s4/Image/img00073.bmp 853 368 1478 992 0
s4/Image/img00074.bmp 845 374 1476 978 0
s4/Image/img00075.bmp 828 351 1455 966 0
s4/Image/img00076.bmp 837 359 1459 963 0
s4/Image/img00077.bmp 850 426 1472 1016 0
s4/Image/img00078.bmp 846 386 1466 989 0
s4/Image/img00079.bmp 835 380 1450 986 0
s4/Image/img00080.bmp 843 384 1457 999 0
s4/Image/img00081.bmp 858 399 1470 1019 0
s4/Image/img00082.bmp 849 410 1465 1019 0
s4/Image/img00083.bmp 841 391 1453 1009 0
s4/Image/img00084.bmp 845 388 1457 1002 0
s4/Image/img00085.bmp 831 384 1443 1008 0
s4/Image/img00086.bmp 813 408 1436 1008 0
s4/Image/img00087.bmp 822 408 1439 1017 0
s4/Image/img00088.bmp 815 420 1434 1023 0
s4/Image/img00089.bmp 814 413 1433 1012 0
s4/Image/img00090.bmp 791 405 1414 1003 0
s4/Image/img00091.bmp 812 398 1431 998 0
s4/Image/img00092.bmp 876 389 1490 999 0
