s6/Image/img00098.bmp 643 475 1131 966 0
s6/Image/img00099.bmp 543 460 1073 951 0
s6/Image/img00100.bmp 702 451 1214 942 0
s6/Image/img00101.bmp 705 451 1205 942 0
s6/Image/img00102.bmp 688 472 1226 955 0
s6/Image/img00103.bmp 705 502 1237 980 0
s6/Image/img00104.bmp 661 481 1169 959 0
s6/Image/img00105.bmp 678 480 1197 955 0
s6/Image/img00106.bmp 669 464 1196 944 0
s6/Image/img00107.bmp 632 450 1157 935 0
s6/Image/img00108.bmp 634 430 1148 918 0
s6/Image/img00109.bmp 643 435 1154 931 0
s6/Image/img00110.bmp 633 431 1150 920 0
s6/Image/img00111.bmp 624 438 1144 920 0
s6/Image/img00112.bmp 620 451 1138 936 0
s6/Image/img00113.bmp 614 440 1135 931 0
s6/Image/img00114.bmp 618 439 1134 921 0
s6/Image/img00115.bmp 605 447 1113 929 0
s6/Image/img00116.bmp 617 443 1127 927 0
s6/Image/img00117.bmp 615 445 1134 929 0
s6/Image/img00118.bmp 754 451 1262 935 0
s6/Image/img00119.bmp 640 440 1168 912 0
s6/Image/img00120.bmp 646 441 1171 911 0
s6/Image/img00121.bmp 624 425 1151 904 0
s6/Image/img00122.bmp 618 428 1145 910 0
s6/Image/img00123.bmp 607 427 1134 909 0
s6/Image/img00124.bmp 625 424 1155 913 0
s6/Image/img00125.bmp 613 432 1138 921 0
s6/Image/img00126.bmp 595 439 1122 921 0
s6/Image/img00127.bmp 621 454 1148 926 0
s6/Image/img00128.bmp 624 437 1149 904 0
s6/Image/img00129.bmp 646 443 1171 915 0
s6/Image/img00130.bmp 812 472 1337 948 0
s6/Image/img00131.bmp 809 477 1332 959 0
s6/Image/img00132.bmp 762 484 1293 963 0
s6/Image/img00133.bmp 785 462 1309 944 0
s6/Image/img00134.bmp 801 459 1330 938 0
s6/Image/img00135.bmp 808 453 1333 932 0
s6/Image/img00136.bmp 797 453 1325 935 0
s6/Image/img00137.bmp 795 466 1325 939 0
s6/Image/img00138.bmp 787 456 1316 934 0
s6/Image/img00139.bmp 776 451 1303 932 0
s6/Image/img00140.bmp 791 466 1320 953 0
s6/Image/img00141.bmp 775 458 1306 952 0
s6/Image/img00142.bmp 733 463 1260 948 0
s6/Image/img00143.bmp 726 472 1247 949 0
s6/Image/img00144.bmp 736 477 1250 959 0
s6/Image/img00145.bmp 745 469 1267 951 0
s6/Image/img00146.bmp 856 475 1352 967 0
s6/Image/img00147.bmp 758 481 1273 963 0
s6/Image/img00148.bmp 755 482 1282 964 0
s6/Image/img00149.bmp 727 493 1243 959 0
s6/Image/img00150.bmp 702 481 1207 953 0
s6/Image/img00151.bmp 789 473 1302 955 0
s6/Image/img00152.bmp 762 486 1270 975 0
s6/Image/img00153.bmp 748 468 1263 950 0
s6/Image/img00154.bmp 728 452 1243 942 0
s6/Image/img00155.bmp 725 460 1254 942 0
s6/Image/img00156.bmp 710 467 1235 949 0
s6/Image/img00157.bmp 717 466 1239 960 0
s6/Image/img00158.bmp 710 450 1232 940 0
s6/Image/img00159.bmp 693 461 1217 943 0
s6/Image/img00160.bmp 703 457 1225 941 0
s6/Image/img00161.bmp 678 458 1204 936 0
s6/Image/img00162.bmp 678 444 1196 926 0
s6/Image/img00163.bmp 666 438 1191 924 0
s6/Image/img00164.bmp 685 442 1201 946 0
s6/Image/img00165.bmp 714 453 1230 948 0
s6/Image/img00166.bmp 665 432 1184 928 0
s6/Image/img00167.bmp 634 431 1152 925 0
s6/Image/img00168.bmp 627 439 1143 934 0
s6/Image/img00169.bmp 647 441 1165 939 0
s6/Image/img00170.bmp 648 452 1164 934 0
s6/Image/img00171.bmp 626 437 1150 937 0
s6/Image/img00172.bmp 404 441 913 932 0
s6/Image/img00173.bmp 512 411 1031 894 0
s6/Image/img00174.bmp 503 413 1021 901 0
s6/Image/img00175.bmp 532 407 1043 907 0
s6/Image/img00176.bmp 521 429 1034 917 0
s6/Image/img00177.bmp 506 439 1023 932 0
s6/Image/img00178.bmp 507 418 1026 916 0
s6/Image/img00179.bmp 528 427 1039 924 0
s6/Image/img00180.bmp 524 422 1037 912 0
s6/Image/img00181.bmp 542 432 1050 914 0
s6/Image/img00182.bmp 523 432 1031 914 0
s6/Image/img00183.bmp 493 451 1001 938 0
s6/Image/img00184.bmp 469 455 977 937 0
s6/Image/img00185.bmp 428 466 935 953 0
s6/Image/img00186.bmp 475 424 989 912 0
s6/Image/img00187.bmp 485 430 993 919 0
s6/Image/img00188.bmp 474 416 983 914 0
s6/Image/img00189.bmp 469 402 977 893 0
s6/Image/img00190.bmp 462 411 973 906 0
s6/Image/img00191.bmp 471 418 979 903 0
s6/Image/img00192.bmp 460 409 968 891 0
s6/Image/img00193.bmp 1727 518 2235 993 0
s6/Image/img00194.bmp 1643 493 2151 975 0
s6/Image/img00195.bmp 1361 456 1871 938 0
s6/Image/img00196.bmp 1069 441 1568 926 0
s6/Image/img00197.bmp 827 574 1327 1065 0
s6/Image/img00198.bmp 676 548 1184 1040 0
s6/Image/img00199.bmp 729 541 1237 1023 0
s6/Image/img00200.bmp 780 500 1293 985 0
s6/Image/img00201.bmp 765 488 1273 983 0
s6/Image/img00202.bmp 811 496 1319 984 0
s6/Image/img00203.bmp 817 495 1325 977 0
s6/Image/img00204.bmp 822 505 1335 987 0
s6/Image/img00205.bmp 753 545 1261 1027 0
s6/Image/img00206.bmp 725 548 1233 1030 0
s6/Image/img00207.bmp 765 511 1273 993 0
s6/Image/img00208.bmp 793 510 1301 992 0
s6/Image/img00209.bmp 786 520 1281 1002 0
s6/Image/img00210.bmp 765 535 1273 1017 0
s6/Image/img00211.bmp 779 580 1287 1062 0
s6/Image/img00212.bmp 778 510 1286 992 0
s6/Image/img00213.bmp 792 509 1300 991 0
s6/Image/img00214.bmp 740 540 1250 1037 0
s6/Image/img00215.bmp 766 498 1274 980 0
s6/Image/img00216.bmp 767 498 1275 980 0
s6/Image/img00217.bmp 764 493 1272 975 0
s6/Image/img00218.bmp 753 492 1261 987 0
s6/Image/img00219.bmp 753 504 1249 986 0
s6/Image/img00220.bmp 744 505 1239 987 0
s6/Image/img00221.bmp 723 516 1227 998 0
s6/Image/img00222.bmp 830 428 1338 910 0
s6/Image/img00223.bmp 728 471 1236 953 0
s6/Image/img00224.bmp 699 483 1200 965 0
s6/Image/img00225.bmp 716 488 1224 970 0
s6/Image/img00226.bmp 717 484 1225 966 0
s6/Image/img00227.bmp 699 473 1192 955 0
s6/Image/img00228.bmp 676 478 1184 960 0
s6/Image/img00229.bmp 711 489 1211 971 0
s6/Image/img00230.bmp 666 480 1178 962 0
s6/Image/img00231.bmp 673 488 1188 970 0
s6/Image/img00232.bmp 697 489 1205 971 0
s6/Image/img00233.bmp 673 477 1168 959 0
s6/Image/img00234.bmp 671 473 1174 955 0
s6/Image/img00235.bmp 640 481 1148 963 0
s6/Image/img00236.bmp 640 477 1148 959 0
s6/Image/img00237.bmp 638 472 1146 954 0
s6/Image/img00238.bmp 631 471 1139 953 0
s6/Image/img00239.bmp 606 474 1119 956 0
s6/Image/img00240.bmp 597 480 1105 961 0
s6/Image/img00241.bmp 574 486 1080 968 0
s6/Image/img00242.bmp 600 475 1107 957 0
s6/Image/img00243.bmp 587 467 1101 949 0
s6/Image/img00244.bmp 562 474 1067 954 0
s6/Image/img00245.bmp 564 479 1075 959 0
s6/Image/img00246.bmp 583 469 1094 952 0
s6/Image/img00247.bmp 564 465 1078 944 0
s6/Image/img00248.bmp 570 471 1085 963 0
s6/Image/img00249.bmp 606 482 1123 972 0
s6/Image/img00250.bmp 526 450 1046 932 0
s6/Image/img00251.bmp 523 451 1031 933 0
s6/Image/img00252.bmp 530 463 1038 945 0
s6/Image/img00253.bmp 525 462 1033 946 0
s6/Image/img00254.bmp 644 475 1144 957 0
s6/Image/img00255.bmp 634 496 1139 978 0
s6/Image/img00256.bmp 649 495 1157 980 0
s6/Image/img00257.bmp 642 477 1150 959 0
s6/Image/img00258.bmp 608 488 1116 972 0
s6/Image/img00259.bmp 630 476 1135 955 0
s6/Image/img00260.bmp 606 492 1103 974 0
s6/Image/img00261.bmp 579 520 1076 996 0
s6/Image/img00262.bmp 567 520 1078 1000 0
s6/Image/img00263.bmp 589 500 1108 982 0
s6/Image/img00264.bmp 617 477 1128 959 0
s6/Image/img00265.bmp 593 469 1101 951 0
s6/Image/img00266.bmp 715 495 1223 977 0
s6/Image/img00267.bmp 721 505 1229 987 0
s6/Image/img00268.bmp 706 493 1214 975 0
s6/Image/img00269.bmp 702 505 1210 987 0
s6/Image/img00270.bmp 685 501 1197 987 0
s6/Image/img00271.bmp 693 501 1201 983 0
s6/Image/img00272.bmp 639 492 1151 976 0
s6/Image/img00273.bmp 660 502 1168 990 0
s6/Image/img00274.bmp 668 513 1176 995 0
s6/Image/img00275.bmp 599 562 1103 1042 0
s6/Image/img00276.bmp 656 509 1145 990 0
s6/Image/img00277.bmp 635 512 1140 987 0
s6/Image/img00278.bmp 673 514 1177 997 0
s6/Image/img00279.bmp 643 507 1146 979 0
s6/Image/img00280.bmp 639 497 1145 978 0
s6/Image/img00281.bmp 617 504 1120 983 0
s6/Image/img00282.bmp 634 505 1140 983 0
s6/Image/img00283.bmp 651 504 1159 983 0
s6/Image/img00284.bmp 659 476 1161 958 0
s6/Image/img00285.bmp 635 500 1137 982 0
s6/Image/img00286.bmp 574 543 1082 1031 0
s6/Image/img00287.bmp 562 525 1070 1007 0
s6/Image/img00288.bmp 617 497 1128 979 0
s6/Image/img00289.bmp 614 498 1119 973 0
s6/Image/img00290.bmp 605 496 1113 978 0
s6/Image/img00291.bmp 599 508 1107 987 0
s6/Image/img00292.bmp 601 504 1109 986 0
s6/Image/img00293.bmp 623 495 1131 977 0
s6/Image/img00294.bmp 600 498 1108 980 0
s6/Image/img00295.bmp 740 522 1248 1004 0
s6/Image/img00296.bmp 776 525 1284 1007 0
s6/Image/img00297.bmp 785 534 1290 1016 0
s6/Image/img00298.bmp 788 553 1292 1035 0
s6/Image/img00299.bmp 789 535 1294 1017 0
s6/Image/img00300.bmp 764 523 1254 1005 0
s6/Image/img00301.bmp 725 518 1219 997 0
s6/Image/img00302.bmp 750 529 1258 1011 0
s6/Image/img00303.bmp 765 563 1273 1045 0
s6/Image/img00304.bmp 771 523 1285 1005 0
s6/Image/img00305.bmp 771 536 1282 1026 0
s6/Image/img00306.bmp 748 524 1256 1006 0
s6/Image/img00307.bmp 741 513 1249 995 0
s6/Image/img00308.bmp 715 517 1223 999 0
s6/Image/img00309.bmp 718 536 1226 1018 0
s6/Image/img00310.bmp 727 516 1234 997 0
s6/Image/img00311.bmp 707 507 1215 989 0
s6/Image/img00312.bmp 709 522 1220 1004 0
s6/Image/img00313.bmp 681 488 1189 970 0
s6/Image/img00314.bmp 684 511 1195 993 0
s6/Image/img00315.bmp 673 513 1181 995 0
s6/Image/img00316.bmp 679 537 1183 1019 0
s6/Image/img00317.bmp 695 512 1203 994 0
s6/Image/img00318.bmp 674 522 1182 1008 0
s6/Image/img00319.bmp 687 521 1190 1005 0
s6/Image/img00320.bmp 655 497 1163 979 0
s6/Image/img00321.bmp 655 511 1157 996 0
s6/Image/img00322.bmp 631 530 1130 1012 0
s6/Image/img00323.bmp 606 520 1114 1005 0
s6/Image/img00324.bmp 671 504 1179 990 0
s6/Image/img00325.bmp 649 508 1157 999 0
s6/Image/img00326.bmp 643 508 1151 993 0
s6/Image/img00327.bmp 651 502 1164 991 0
s6/Image/img00328.bmp 635 514 1143 996 0
s6/Image/img00329.bmp 716 520 1224 1009 0
s6/Image/img00330.bmp 765 523 1273 1005 0
s6/Image/img00331.bmp 800 530 1308 1012 0
s6/Image/img00332.bmp 772 536 1280 1018 0
s6/Image/img00333.bmp 766 548 1274 1030 0
s6/Image/img00334.bmp 742 567 1250 1052 0
s6/Image/img00335.bmp 767 583 1275 1065 0
s6/Image/img00336.bmp 785 587 1286 1060 0
s6/Image/img00337.bmp 804 568 1301 1054 0
s6/Image/img00338.bmp 759 564 1267 1046 0
s6/Image/img00339.bmp 774 537 1282 1019 0
s6/Image/img00340.bmp 770 556 1284 1038 0
s6/Image/img00341.bmp 779 536 1287 1022 0
s6/Image/img00342.bmp 791 535 1299 1022 0
s6/Image/img00343.bmp 825 552 1328 1041 0
s6/Image/img00344.bmp 771 533 1279 1026 0
s6/Image/img00345.bmp 740 523 1248 1005 0
s6/Image/img00346.bmp 745 527 1253 1009 0
s6/Image/img00347.bmp 768 527 1280 1009 0
s6/Image/img00348.bmp 744 528 1252 1010 0
s6/Image/img00349.bmp 764 556 1272 1038 0
s6/Image/img00350.bmp 747 542 1261 1024 0
s6/Image/img00351.bmp 740 527 1259 1022 0
s6/Image/img00352.bmp 735 533 1258 1027 0
s6/Image/img00353.bmp 738 544 1246 1032 0
s6/Image/img00354.bmp 759 531 1276 1017 0
s6/Image/img00355.bmp 746 516 1261 1016 0
s6/Image/img00356.bmp 726 531 1234 1027 0
s6/Image/img00357.bmp 702 523 1222 1023 0
s6/Image/img00358.bmp 728 531 1236 1013 0
s6/Image/img00359.bmp 699 572 1207 1054 0
s6/Image/img00360.bmp 695 538 1208 1027 0
s6/Image/img00361.bmp 691 518 1212 1013 0
s6/Image/img00362.bmp 647 516 1160 1002 0
s6/Image/img00363.bmp 651 512 1165 1006 0
s6/Image/img00364.bmp 715 516 1227 1002 0
s6/Image/img00365.bmp 812 546 1324 1043 0
s6/Image/img00366.bmp 854 567 1372 1057 0
s6/Image/img00367.bmp 836 554 1353 1046 0
s6/Image/img00368.bmp 840 586 1348 1071 0
s6/Image/img00369.bmp 823 568 1331 1065 0
s6/Image/img00370.bmp 822 561 1336 1055 0
s6/Image/img00371.bmp 825 569 1327 1053 0
s6/Image/img00372.bmp 809 567 1317 1051 0
s6/Image/img00373.bmp 838 569 1346 1061 0
s6/Image/img00374.bmp 838 553 1342 1048 0
s6/Image/img00375.bmp 829 554 1345 1062 0
s6/Image/img00376.bmp 847 564 1364 1070 0
s6/Image/img00377.bmp 814 557 1325 1063 0
s6/Image/img00378.bmp 791 539 1307 1040 0
s6/Image/img00379.bmp 798 543 1314 1049 0
s6/Image/img00380.bmp 772 548 1286 1056 0
s6/Image/img00381.bmp 801 505 1313 1004 0
s6/Image/img00382.bmp 792 507 1308 1002 0
s6/Image/img00383.bmp 806 507 1313 1012 0
s6/Image/img00384.bmp 796 529 1307 1032 0
s6/Image/img00385.bmp 791 527 1305 1023 0
s6/Image/img00386.bmp 773 525 1286 1025 0
s6/Image/img00387.bmp 764 529 1275 1025 0
s6/Image/img00388.bmp 779 550 1290 1044 0
s6/Image/img00389.bmp 796 552 1294 1034 0
s6/Image/img00390.bmp 758 516 1270 1019 0
s6/Image/img00391.bmp 758 520 1273 1019 0
s6/Image/img00392.bmp 779 522 1289 1022 0
s6/Image/img00393.bmp 775 516 1285 1011 0
s6/Image/img00394.bmp 780 516 1294 1017 0
s6/Image/img00395.bmp 773 534 1280 1031 0
s6/Image/img00396.bmp 768 530 1285 1021 0
s6/Image/img00397.bmp 773 521 1278 1023 0
s6/Image/img00398.bmp 760 518 1274 1022 0
s6/Image/img00399.bmp 763 505 1276 1001 0
s6/Image/img00400.bmp 778 511 1294 1013 0
s6/Image/img00401.bmp 812 491 1314 983 0
s6/Image/img00402.bmp 765 463 1281 954 0
s6/Image/img00403.bmp 734 503 1249 1005 0
s6/Image/img00404.bmp 752 500 1267 1004 0
s6/Image/img00405.bmp 757 500 1264 1000 0
s6/Image/img00406.bmp 760 510 1272 1003 0
s6/Image/img00407.bmp 784 505 1301 1002 0
s6/Image/img00408.bmp 782 513 1299 1006 0
s6/Image/img00409.bmp 782 514 1291 1007 0
s6/Image/img00410.bmp 804 508 1312 999 0
s6/Image/img00411.bmp 831 503 1329 991 0
s6/Image/img00412.bmp 814 506 1322 995 0
s6/Image/img00413.bmp 800 508 1302 994 0
s6/Image/img00414.bmp 778 533 1280 1023 0
s6/Image/img00415.bmp 786 529 1292 1019 0
s6/Image/img00416.bmp 777 549 1275 1031 0
s6/Image/img00417.bmp 772 582 1270 1070 0
s6/Image/img00418.bmp 764 522 1266 1017 0
s6/Image/img00419.bmp 762 528 1264 1019 0
s6/Image/img00420.bmp 858 536 1363 1028 0
s6/Image/img00421.bmp 865 530 1376 1028 0
s6/Image/img00422.bmp 867 529 1379 1028 0
s6/Image/img00423.bmp 842 524 1351 1023 0
s6/Image/img00424.bmp 872 526 1374 1019 0
s6/Image/img00425.bmp 824 521 1321 1016 0
s6/Image/img00426.bmp 799 534 1303 1028 0
s6/Image/img00427.bmp 800 515 1313 1015 0
s6/Image/img00428.bmp 791 534 1289 1021 0
s6/Image/img00429.bmp 799 534 1297 1023 0
s6/Image/img00430.bmp 786 526 1284 1008 0
s6/Image/img00431.bmp 790 514 1284 1013 0
s6/Image/img00432.bmp 767 518 1261 1011 0
s6/Image/img00433.bmp 775 510 1277 1001 0
s6/Image/img00434.bmp 759 501 1257 987 0
s6/Image/img00435.bmp 775 517 1273 999 0
s6/Image/img00436.bmp 772 501 1273 994 0
s6/Image/img00437.bmp 790 507 1301 995 0
s6/Image/img00438.bmp 790 508 1291 1001 0
s6/Image/img00439.bmp 772 500 1278 997 0
s6/Image/img00440.bmp 760 498 1264 996 0
s6/Image/img00441.bmp 758 503 1256 992 0
s6/Image/img00442.bmp 768 516 1270 1013 0
s6/Image/img00443.bmp 770 516 1279 1008 0
s6/Image/img00444.bmp 774 511 1281 1004 0
s6/Image/img00445.bmp 786 531 1286 1026 0
s6/Image/img00446.bmp 776 537 1276 1038 0
s6/Image/img00447.bmp 759 559 1261 1057 0
s6/Image/img00448.bmp 742 523 1238 1019 0
s6/Image/img00449.bmp 746 548 1255 1044 0
s6/Image/img00450.bmp 737 557 1245 1062 0
s6/Image/img00451.bmp 729 546 1232 1053 0
s6/Image/img00452.bmp 759 531 1262 1033 0
s6/Image/img00453.bmp 747 520 1252 1021 0
s6/Image/img00454.bmp 756 523 1260 1032 0
s6/Image/img00455.bmp 756 542 1271 1048 0
s6/Image/img00456.bmp 752 530 1265 1033 0
s6/Image/img00457.bmp 750 534 1266 1034 0
s6/Image/img00458.bmp 747 532 1250 1029 0
s6/Image/img00459.bmp 807 532 1313 1030 0
s6/Image/img00460.bmp 792 530 1292 1032 0
s6/Image/img00461.bmp 795 550 1296 1050 0
s6/Image/img00462.bmp 800 550 1304 1055 0
s6/Image/img00463.bmp 782 547 1287 1045 0
s6/Image/img00464.bmp 710 560 1217 1066 0
s6/Image/img00465.bmp 653 598 1162 1088 0
s6/Image/img00466.bmp 758 539 1262 1046 0
s6/Image/img00467.bmp 766 529 1271 1032 0
s6/Image/img00468.bmp 746 537 1244 1044 0
s6/Image/img00469.bmp 742 542 1237 1042 0
s6/Image/img00470.bmp 730 545 1228 1044 0
s6/Image/img00471.bmp 748 521 1251 1031 0
s6/Image/img00472.bmp 732 549 1230 1047 0
s6/Image/img00473.bmp 737 560 1235 1052 0
s6/Image/img00474.bmp 725 550 1223 1041 0
s6/Image/img00475.bmp 708 555 1206 1043 0
s6/Image/img00476.bmp 696 560 1194 1046 0
s6/Image/img00477.bmp 823 492 1321 974 0
s6/Image/img00478.bmp 726 529 1228 1014 0
s6/Image/img00479.bmp 727 535 1233 1027 0
s6/Image/img00480.bmp 714 530 1207 1023 0
s6/Image/img00481.bmp 700 526 1192 1013 0
s6/Image/img00482.bmp 693 531 1200 1018 0
s6/Image/img00483.bmp 676 527 1178 1009 0
s6/Image/img00484.bmp 690 533 1187 1020 0
s6/Image/img00485.bmp 705 527 1203 1009 0
s6/Image/img00486.bmp 691 535 1189 1017 0
s6/Image/img00487.bmp 695 539 1193 1021 0
s6/Image/img00488.bmp 687 524 1185 1006 0
s6/Image/img00489.bmp 674 506 1172 988 0
s6/Image/img00490.bmp 670 547 1168 1029 0
s6/Image/img00491.bmp 671 573 1163 1055 0
s6/Image/img00492.bmp 649 587 1147 1074 0
s6/Image/img00493.bmp 666 546 1164 1032 0
s6/Image/img00494.bmp 671 530 1169 1012 0
s6/Image/img00495.bmp 733 536 1229 1022 0
s6/Image/img00496.bmp 720 548 1215 1034 0
s6/Image/img00497.bmp 726 554 1224 1036 0
s6/Image/img00498.bmp 721 546 1219 1032 0
s6/Image/img00499.bmp 724 540 1222 1031 0
s6/Image/img00500.bmp 730 559 1225 1044 0
s6/Image/img00501.bmp 729 557 1227 1047 0
s6/Image/img00502.bmp 731 554 1229 1042 0
s6/Image/img00503.bmp 731 557 1227 1045 0
s6/Image/img00504.bmp 757 570 1255 1057 0
s6/Image/img00505.bmp 768 572 1264 1054 0
s6/Image/img00506.bmp 773 549 1269 1034 0
s6/Image/img00507.bmp 746 565 1244 1047 0
s6/Image/img00508.bmp 747 560 1250 1050 0
s6/Image/img00509.bmp 730 572 1228 1058 0
s6/Image/img00510.bmp 757 569 1259 1051 0
s6/Image/img00511.bmp 764 579 1274 1061 0
s6/Image/img00512.bmp 734 532 1226 1033 0
s6/Image/img00513.bmp 735 539 1229 1035 0
s6/Image/img00514.bmp 720 552 1222 1049 0
s6/Image/img00515.bmp 704 548 1206 1043 0
s6/Image/img00516.bmp 700 544 1198 1033 0
s6/Image/img00517.bmp 679 546 1180 1044 0
s6/Image/img00518.bmp 675 557 1180 1043 0
s6/Image/img00519.bmp 654 537 1152 1035 0
s6/Image/img00520.bmp 650 537 1148 1036 0
s6/Image/img00521.bmp 661 536 1154 1029 0
s6/Image/img00522.bmp 651 516 1151 1012 0
s6/Image/img00523.bmp 637 519 1137 1016 0
s6/Image/img00524.bmp 603 526 1119 1028 0
s6/Image/img00525.bmp 606 536 1104 1023 0
s6/Image/img00526.bmp 576 516 1069 1009 0
s6/Image/img00527.bmp 553 516 1049 1013 0
s6/Image/img00528.bmp 555 522 1053 1013 0
s6/Image/img00529.bmp 584 521 1085 1011 0
s6/Image/img00530.bmp 576 516 1074 1010 0
s6/Image/img00531.bmp 646 528 1158 1028 0
s6/Image/img00532.bmp 753 551 1263 1049 0
s6/Image/img00533.bmp 729 646 1231 1132 0
s6/Image/img00534.bmp 775 567 1276 1066 0
s6/Image/img00535.bmp 755 563 1256 1049 0
s6/Image/img00536.bmp 754 554 1252 1040 0
s6/Image/img00537.bmp 759 566 1257 1048 0
s6/Image/img00538.bmp 742 559 1250 1064 0
s6/Image/img00539.bmp 740 558 1242 1055 0
s6/Image/img00540.bmp 739 568 1243 1061 0
s6/Image/img00541.bmp 769 560 1281 1051 0
s6/Image/img00542.bmp 770 565 1268 1059 0
s6/Image/img00543.bmp 759 557 1259 1055 0
s6/Image/img00544.bmp 706 584 1217 1084 0
s6/Image/img00545.bmp 648 619 1161 1119 0
s6/Image/img00546.bmp 693 579 1203 1072 0
s6/Image/img00547.bmp 818 555 1322 1053 0
s6/Image/img00548.bmp 818 569 1316 1062 0
s6/Image/img00549.bmp 860 596 1382 1094 0
s6/Image/img00550.bmp 818 571 1342 1077 0
s6/Image/img00551.bmp 789 568 1292 1072 0
s6/Image/img00552.bmp 802 571 1300 1053 0
s6/Image/img00553.bmp 792 580 1290 1062 0
s6/Image/img00554.bmp 785 571 1302 1067 0
s6/Image/img00555.bmp 804 562 1302 1053 0
s6/Image/img00556.bmp 785 565 1291 1062 0
s6/Image/img00557.bmp 789 560 1294 1069 0
s6/Image/img00558.bmp 782 552 1295 1063 0
s6/Image/img00559.bmp 744 560 1255 1063 0
s6/Image/img00560.bmp 721 564 1230 1067 0
s6/Image/img00561.bmp 705 566 1206 1074 0
s6/Image/img00562.bmp 709 573 1220 1085 0
s6/Image/img00563.bmp 709 578 1207 1085 0
s6/Image/img00564.bmp 734 573 1240 1068 0
s6/Image/img00565.bmp 754 583 1257 1070 0
s6/Image/img00566.bmp 762 556 1270 1057 0
s6/Image/img00567.bmp 766 546 1271 1048 0
s6/Image/img00568.bmp 763 538 1269 1037 0
s6/Image/img00569.bmp 737 548 1238 1054 0
s6/Image/img00570.bmp 743 559 1244 1059 0
s6/Image/img00571.bmp 711 541 1217 1037 0
s6/Image/img00572.bmp 707 529 1210 1028 0
s6/Image/img00573.bmp 724 550 1222 1037 0
s6/Image/img00574.bmp 717 539 1219 1036 0
s6/Image/img00575.bmp 720 543 1221 1037 0
s6/Image/img00576.bmp 730 535 1229 1036 0
s6/Image/img00577.bmp 675 547 1183 1046 0
s6/Image/img00578.bmp 681 541 1186 1052 0
s6/Image/img00579.bmp 679 548 1192 1058 0
s6/Image/img00580.bmp 668 550 1178 1051 0
s6/Image/img00581.bmp 693 544 1195 1050 0
s6/Image/img00582.bmp 708 554 1206 1056 0
s6/Image/img00583.bmp 712 558 1213 1056 0
s6/Image/img00584.bmp 711 560 1220 1055 0
s6/Image/img00585.bmp 706 546 1208 1045 0
s6/Image/img00586.bmp 694 552 1197 1048 0
s6/Image/img00587.bmp 687 547 1191 1044 0
s6/Image/img00588.bmp 695 539 1198 1039 0
s6/Image/img00589.bmp 652 565 1158 1061 0
s6/Image/img00590.bmp 614 574 1119 1060 0
s6/Image/img00591.bmp 668 553 1175 1052 0
s6/Image/img00592.bmp 670 549 1180 1047 0
s6/Image/img00593.bmp 669 540 1178 1039 0
s6/Image/img00594.bmp 672 546 1175 1045 0
s6/Image/img00595.bmp 675 547 1187 1060 0
s6/Image/img00596.bmp 693 557 1194 1059 0
s6/Image/img00597.bmp 677 543 1181 1048 0
s6/Image/img00598.bmp 671 552 1177 1054 0
s6/Image/img00599.bmp 685 556 1188 1056 0
s6/Image/img00600.bmp 696 562 1196 1058 0
s6/Image/img00638.bmp 738 451 1238 947 0
s6/Image/img00639.bmp 738 440 1236 933 0
s6/Image/img00640.bmp 775 453 1273 935 0
s6/Image/img00641.bmp 694 442 1192 931 0
s6/Image/img00642.bmp 653 453 1158 940 0
s6/Image/img00643.bmp 647 447 1154 939 0
s6/Image/img00644.bmp 816 426 1314 927 0
s6/Image/img00645.bmp 767 442 1268 927 0
s6/Image/img00646.bmp 740 423 1238 908 0
s6/Image/img00647.bmp 758 442 1256 930 0
s6/Image/img00648.bmp 729 440 1230 931 0
s6/Image/img00649.bmp 754 440 1252 925 0
s6/Image/img00650.bmp 749 427 1247 918 0
s6/Image/img00651.bmp 758 444 1256 926 0
s6/Image/img00652.bmp 766 452 1264 947 0
s6/Image/img00653.bmp 763 448 1266 946 0
s6/Image/img00654.bmp 797 448 1295 938 0
s6/Image/img00655.bmp 797 454 1295 936 0
s6/Image/img00656.bmp 824 472 1322 954 0
s6/Image/img00657.bmp 828 481 1326 969 0
s6/Image/img00658.bmp 854 489 1352 977 0
s6/Image/img00659.bmp 829 478 1322 960 0
s6/Image/img00660.bmp 789 473 1287 955 0
s6/Image/img00661.bmp 815 503 1318 985 0
s6/Image/img00662.bmp 888 502 1386 984 0
s6/Image/img00663.bmp 868 500 1369 982 0
s6/Image/img00664.bmp 816 477 1312 959 0
s6/Image/img00665.bmp 787 456 1289 938 0
s6/Image/img00666.bmp 779 463 1277 948 0
s6/Image/img00667.bmp 797 472 1298 957 0
s6/Image/img00668.bmp 821 467 1331 954 0
s6/Image/img00669.bmp 760 459 1258 945 0
s6/Image/img00670.bmp 774 462 1286 944 0
s6/Image/img00671.bmp 788 461 1294 949 0
s6/Image/img00672.bmp 782 460 1280 942 0
s6/Image/img00673.bmp 718 436 1216 918 0
s6/Image/img00674.bmp 761 457 1262 942 0
s6/Image/img00675.bmp 739 445 1237 936 0
s6/Image/img00676.bmp 732 427 1230 913 0
s6/Image/img00677.bmp 752 451 1257 942 0
s6/Image/img00678.bmp 746 451 1244 938 0
s6/Image/img00679.bmp 776 447 1274 929 0
s6/Image/img00680.bmp 774 470 1272 952 0
s6/Image/img00681.bmp 748 457 1246 943 0
s6/Image/img00682.bmp 751 450 1249 932 0
s6/Image/img00683.bmp 729 450 1233 932 0
s6/Image/img00684.bmp 734 468 1237 955 0
s6/Image/img00685.bmp 682 498 1186 985 0
s6/Image/img00686.bmp 677 483 1178 968 0
s6/Image/img00687.bmp 707 455 1210 939 0
s6/Image/img00688.bmp 723 445 1221 930 0
s6/Image/img00689.bmp 715 438 1216 922 0
s6/Image/img00690.bmp 690 443 1188 928 0
s6/Image/img00691.bmp 717 447 1215 929 0
s6/Image/img00692.bmp 716 444 1220 932 0
s6/Image/img00693.bmp 712 440 1207 922 0
s6/Image/img00694.bmp 715 450 1213 934 0
s6/Image/img00695.bmp 735 454 1233 936 0
s6/Image/img00696.bmp 724 447 1222 929 0
s6/Image/img00697.bmp 744 459 1242 941 0
s6/Image/img00698.bmp 819 472 1320 957 0
s6/Image/img00699.bmp 786 457 1275 939 0
s6/Image/img00700.bmp 789 479 1287 953 0
s6/Image/img00701.bmp 797 485 1295 964 0
s6/Image/img00702.bmp 764 501 1264 977 0
s6/Image/img00703.bmp 780 458 1278 937 0
s6/Image/img00704.bmp 755 434 1259 921 0
s6/Image/img00705.bmp 753 431 1258 928 0
s6/Image/img00706.bmp 760 430 1254 909 0
s6/Image/img00707.bmp 737 452 1238 934 0
s6/Image/img00708.bmp 726 418 1231 900 0
s6/Image/img00709.bmp 709 446 1212 931 0
s6/Image/img00710.bmp 729 438 1232 922 0
s6/Image/img00711.bmp 746 448 1244 930 0
s6/Image/img00712.bmp 754 460 1256 942 0
s6/Image/img00713.bmp 709 450 1211 936 0
s6/Image/img00714.bmp 711 438 1209 924 0
s6/Image/img00715.bmp 707 449 1205 931 0
s6/Image/img00716.bmp 687 434 1186 916 0
s6/Image/img00717.bmp 714 429 1214 914 0
s6/Image/img00718.bmp 717 427 1216 911 0
s6/Image/img00719.bmp 689 431 1187 913 0
s6/Image/img00720.bmp 680 435 1170 911 0
s6/Image/img00721.bmp 758 511 1256 993 0
s6/Image/img00722.bmp 703 444 1210 936 0
s6/Image/img00723.bmp 713 446 1211 928 0
s6/Image/img00724.bmp 692 428 1193 911 0
s6/Image/img00725.bmp 698 420 1196 902 0
s6/Image/img00726.bmp 695 426 1193 908 0
s6/Image/img00727.bmp 707 419 1205 901 0
s6/Image/img00728.bmp 684 433 1182 915 0
s6/Image/img00729.bmp 676 446 1174 930 0
s6/Image/img00730.bmp 668 482 1166 965 0
s6/Image/img00731.bmp 701 441 1199 926 0
s6/Image/img00732.bmp 740 431 1238 915 0
s6/Image/img00733.bmp 701 428 1199 910 0
s6/Image/img00734.bmp 710 426 1208 908 0
s6/Image/img00735.bmp 710 429 1208 911 0
s6/Image/img00736.bmp 740 440 1238 922 0
s6/Image/img00737.bmp 733 434 1231 916 0
s6/Image/img00738.bmp 734 432 1232 914 0
s6/Image/img00739.bmp 765 428 1263 910 0
s6/Image/img00740.bmp 786 438 1287 920 0
s6/Image/img00741.bmp 796 442 1294 924 0
s6/Image/img00742.bmp 827 457 1325 939 0
s6/Image/img00743.bmp 804 464 1302 946 0
s6/Image/img00744.bmp 789 460 1287 942 0
s6/Image/img00745.bmp 771 463 1274 948 0
s6/Image/img00746.bmp 759 448 1257 930 0
s6/Image/img00747.bmp 764 451 1262 933 0
s6/Image/img00748.bmp 780 457 1278 939 0
s6/Image/img00749.bmp 766 446 1264 928 0
s6/Image/img00750.bmp 779 468 1277 954 0
s6/Image/img00751.bmp 778 483 1276 965 0
s6/Image/img00752.bmp 729 457 1227 939 0
s6/Image/img00753.bmp 786 446 1284 928 0
s6/Image/img00754.bmp 779 461 1277 943 0
s6/Image/img00755.bmp 746 439 1237 918 0
s6/Image/img00756.bmp 750 436 1248 918 0
s6/Image/img00757.bmp 746 433 1244 919 0
s6/Image/img00758.bmp 709 427 1207 909 0
s6/Image/img00759.bmp 831 488 1329 970 0
s6/Image/img00760.bmp 719 459 1217 941 0
s6/Image/img00761.bmp 713 440 1209 926 0
s6/Image/img00762.bmp 729 449 1227 931 0
s6/Image/img00763.bmp 760 456 1258 938 0
s6/Image/img00764.bmp 743 416 1239 898 0
s6/Image/img00765.bmp 715 443 1213 925 0
s6/Image/img00766.bmp 733 451 1231 933 0
s6/Image/img00767.bmp 711 434 1209 916 0
s6/Image/img00768.bmp 715 434 1213 916 0
s6/Image/img00769.bmp 716 444 1214 926 0
s6/Image/img00770.bmp 695 440 1193 922 0
s6/Image/img00771.bmp 700 443 1198 925 0
s6/Image/img00772.bmp 706 443 1204 925 0
s6/Image/img00773.bmp 704 445 1202 927 0
s6/Image/img00774.bmp 704 441 1202 923 0
s6/Image/img00775.bmp 796 463 1294 945 0
s6/Image/img00776.bmp 813 465 1311 947 0
s6/Image/img00777.bmp 776 451 1274 933 0
s6/Image/img00876.bmp 727 465 1225 947 0
s6/Image/img00877.bmp 770 464 1268 951 0
s6/Image/img00878.bmp 800 470 1298 952 0
s6/Image/img00879.bmp 716 441 1214 923 0
s6/Image/img00880.bmp 709 444 1207 926 0
s6/Image/img00881.bmp 798 452 1296 934 0
s6/Image/img00882.bmp 804 466 1292 948 0
s6/Image/img00883.bmp 847 471 1332 953 0
s6/Image/img00884.bmp 853 470 1351 952 0
s6/Image/img00885.bmp 836 456 1335 945 0
s6/Image/img00886.bmp 814 454 1324 948 0
s6/Image/img00887.bmp 839 465 1337 955 0
s6/Image/img00888.bmp 823 457 1321 939 0
s6/Image/img00889.bmp 828 459 1326 946 0
s6/Image/img00890.bmp 844 455 1342 946 0
s6/Image/img00891.bmp 827 455 1325 942 0
s6/Image/img00892.bmp 819 458 1317 946 0
s6/Image/img00893.bmp 814 462 1312 951 0
s6/Image/img00894.bmp 804 469 1302 955 0
s6/Image/img00895.bmp 828 466 1326 952 0
s6/Image/img00896.bmp 835 462 1336 950 0
s6/Image/img00897.bmp 844 468 1347 956 0
s6/Image/img00898.bmp 907 494 1405 979 0
s6/Image/img00899.bmp 881 471 1379 965 0
s6/Image/img00900.bmp 867 461 1365 956 0
s6/Image/img00901.bmp 874 494 1372 984 0
s6/Image/img00902.bmp 846 474 1344 956 0
s6/Image/img00903.bmp 848 468 1346 950 0
s6/Image/img00904.bmp 867 482 1365 968 0
s6/Image/img00905.bmp 835 469 1333 951 0
s6/Image/img00906.bmp 863 455 1361 937 0
s6/Image/img00907.bmp 830 442 1324 923 0
s6/Image/img00908.bmp 809 450 1298 932 0

s6/Image/img00909.bmp 878 489 1376 974 0
s6/Image/img00910.bmp 858 475 1358 966 0
s6/Image/img00911.bmp 841 472 1339 959 0
s6/Image/img00912.bmp 839 458 1337 957 0
s6/Image/img00913.bmp 830 470 1328 958 0
s6/Image/img00914.bmp 833 461 1331 954 0
s6/Image/img00915.bmp 785 455 1283 944 0
s6/Image/img00916.bmp 853 468 1351 957 0
s6/Image/img00917.bmp 812 474 1310 968 0
s6/Image/img00918.bmp 736 485 1234 978 0
s6/Image/img00919.bmp 724 494 1222 986 0
s6/Image/img00920.bmp 796 477 1291 964 0
s6/Image/img00921.bmp 788 476 1286 958 0
s6/Image/img00922.bmp 799 473 1297 955 0
s6/Image/img00923.bmp 806 476 1304 958 0
s6/Image/img00924.bmp 786 475 1284 959 0
s6/Image/img00925.bmp 739 537 1237 1023 0
s6/Image/img00926.bmp 810 484 1308 969 0
s6/Image/img00927.bmp 780 523 1278 1005 0
s6/Image/img00928.bmp 793 470 1291 958 0
s6/Image/img00929.bmp 806 472 1304 956 0
s6/Image/img00930.bmp 826 506 1324 993 0
s6/Image/img00931.bmp 824 476 1316 958 0
s6/Image/img00932.bmp 844 518 1337 1004 0
s6/Image/img00933.bmp 843 506 1335 989 0
s6/Image/img00934.bmp 834 480 1323 962 0
s6/Image/img00935.bmp 834 485 1324 964 0
s6/Image/img00936.bmp 835 476 1328 960 0
s6/Image/img00937.bmp 817 460 1312 939 0
s6/Image/img00938.bmp 848 468 1346 950 0
s6/Image/img00939.bmp 830 472 1328 954 0
s6/Image/img00940.bmp 891 471 1392 957 0
s6/Image/img00941.bmp 915 463 1409 942 0
s6/Image/img00942.bmp 923 470 1422 957 0
s6/Image/img00943.bmp 801 463 1310 947 0
s6/Image/img00944.bmp 829 466 1331 950 0
s6/Image/img00945.bmp 817 490 1320 977 0
s6/Image/img00946.bmp 899 502 1397 991 0
s6/Image/img00947.bmp 864 495 1362 981 0
s6/Image/img00948.bmp 849 497 1347 984 0
s6/Image/img00949.bmp 918 519 1418 1008 0
s6/Image/img00950.bmp 944 539 1449 1027 0
s6/Image/img00951.bmp 847 480 1345 969 0
s6/Image/img00952.bmp 849 448 1345 933 0
s6/Image/img00953.bmp 781 452 1279 934 0
s6/Image/img00954.bmp 780 452 1278 934 0
s6/Image/img00955.bmp 839 459 1337 941 0
s6/Image/img00956.bmp 827 462 1325 947 0
s6/Image/img00957.bmp 830 489 1328 971 0
s6/Image/img00958.bmp 821 466 1317 948 0
s6/Image/img00959.bmp 815 478 1305 952 0
s6/Image/img00960.bmp 807 471 1303 953 0
s6/Image/img00961.bmp 802 458 1283 929 0
s6/Image/img00962.bmp 806 470 1294 950 0
s6/Image/img00963.bmp 816 483 1305 960 0
s6/Image/img00964.bmp 860 473 1358 957 0
s6/Image/img00965.bmp 885 497 1383 982 0
s6/Image/img00966.bmp 867 468 1368 956 0
s6/Image/img00967.bmp 861 473 1359 955 0
s6/Image/img00968.bmp 868 469 1368 951 0
s6/Image/img00969.bmp 918 462 1418 944 0
s6/Image/img00970.bmp 827 462 1325 944 0
s6/Image/img00971.bmp 838 502 1336 984 0
s6/Image/img00972.bmp 814 504 1309 989 0
s6/Image/img00973.bmp 855 474 1362 971 0
s6/Image/img00974.bmp 819 436 1326 934 0
s6/Image/img00975.bmp 866 454 1371 943 0
s6/Image/img00976.bmp 784 439 1292 933 0
s6/Image/img00977.bmp 795 379 1305 880 0
s6/Image/img00978.bmp 772 399 1270 881 0
s6/Image/img00979.bmp 756 393 1254 875 0
s6/Image/img00980.bmp 825 501 1327 986 0
s6/Image/img00981.bmp 815 527 1313 1009 0
s6/Image/img00982.bmp 778 478 1276 960 0
s6/Image/img00983.bmp 756 413 1254 895 0
s6/Image/img00984.bmp 755 413 1253 895 0
